1206665239565099008
1206657644485853191
1206657801969381378
1206687954170765314
1206650137965187072
1206680355064963072
1206672860502265856
1206642470857129995
1206665189103472645
1206672680914735106
1206665082526154753
1206680249028825089
1206664953039654912
1206672799445729280
1206672780269408261
1206672736497602561
1206672702578286592
1206672607355035649
1206710368518778884
1206703053635756034
1206589799487938560
1206710416585449472
1206687949401796609
1206582088943702016
1206559603376492545
1206589804173045761
1206589705829199872
1206589703249682433
1206582191934857216
1206559593222082560
1206634824347406337
1206642338497466370
1206687843512455168
1206710460650622976
1206695500432510976
1206695499887038464
1206695283863834624
1206695209888878594
1206687949435351040
1206695208571867142
1206702999374053379
1206702801843298309
1206710482779947010
1208882934196981762
1205102858137481218
1206552051833962496
1209061892699934720
1209151969018994690
1209062044529516545
1209091660220715008
1209091650322096130
1209088085595701248
1209108877683376128
1209136627429335045
1209135835918020608
1206551910624485376
1209020304154091526
1206061318953934848
1206515929254912000
1205110659148648451
1205104225203687426
1205103002882859013
1205101244471218177
1205079852606468096
1205120187026092033
1206582214462509056
1209062912976990209
1209004298102878208
1209221163114729472
1205427147306885121
1209240942185762816
1209269086959611909
1209355301096431617
1209382152657346560
1209376946804678657
1205400677758820353
1209173581088858113
1205399857093128192
1205381588277714944
1205546678603993095
1208965321526255616
1205546676322107392
1205537838642745345
1205555486222962689
1205391378466922496
1205819621485490178
1209185094679891968
1209154937843847170
1208922629043884033
1208969667844423682
1206582135664058368
1205380861375459328
1206589593912565761
1205570497758531586
1205396336088174592
1205396149252902912
1205395026232168448
1205398393620717568
1206091189209968640
1205459288644313093
1205457956516577280
1205563033914925059
1205585541577748481
1205397895891042304
1205608241679544320
1205608229855776770
1205646113564442624
1205563036699942912
1205668477161426944
1205872593372352513
1205880156654579713
1205887632510783489
1205947889291272194
1205397410266128384
1205397897354862593
1206046060050812928
1205386343943147523
1205392662909599744
1205386753160482816
1205384530334494721
1205384377724739584
1205383929580142592
1205382756559179776
1205382730479022080
1205071981609177088
1205459475353747456
1205399512711348224
1205392772854882305
1205394570563006465
1205403077509033984
1205401637457661952
1205401230983540736
1205400371948077056
1205400315132022785
1205399611130744842
1205393132243836928
1205962963280179200
1205743893926559744
1206574701750784000
1206634970565021698
1206619775285121028
1206627548857294849
1206597299167780865
1206627407509241857
1206627354501689350
1206635100726857728
1206635100651315202
1206634986016772097
1206634921755922432
1206619973948452865
1206627354845597696
1206634880643321856
1206597335507181571
1206589629949980673
1206559467237773313
1206567130981900289
1206567058814754816
1206574718389760001
1206574705563635718
1206619896760733696
1206597014802325504
1205458080064057344
1205534920317308934
1205529798627475456
1205531091307782144
1205457569030037504
1205457458153611264
1205540410065661952
1205544530331807745
1205540072545755136
1205538762782101508
1205536835126075394
1205534771042037760
1206597090496958465
1205534547317841922
1205534159504060418
1205533087259598848
1205531646373617666
1205535584107806720
1206717590221021184
1208868565060923403
1208881812514254848
1206597219601784832
1205073980207640577
1214946595575349248
1205070563842113536
1205098645818875904
1214857510542364672
1205155385788813313
1205129833061195776
1217850872903929857
1206986019133886465
1205122701934903298
1209367122608115712
1237447637768552453
1216957151140352000
1214857032693616640
1214863240741691392
1214865219056480256
1205059589345075200
1237467500151013376
1205118577692553217
1233096767488581634
1214851198861414400
1225079756019859459
1222273653045448708
1205207427781742592
1219962092775788545
1222431958455726080
1212838809018281986
1210239933786546177
1239139453320531968
1214915817445478401
1238931997294288896
1214918910769848327
1230443541899481088
1214933759033778177
1213958330768601091
1209160347128492033
1205272774366896129
1212844086106972160
1213937702351060994
1212942745624629248
1214931175531274240
1213902977393725442
1214919190794121222
1238542840042528777
1210591856431681536
1214888549469831168
1235731495874150401
1207065435964923904
1210248795998576640
1238034725920550914
1214876330959003649
1214881236478509058
1208459802118103040
1204821148418084867
1224057661102153728
1204831392607227905
1238534204754923523
1214885109222060034
1214871219083923457
1232746496690413569
1228783625216372736
1230219885252403202
1232233786005479424
1204900996771651584
1209225573219930117
1206564485785362432
1214871295227244544
1204913296337514496
1229682790519713793
1208219831738220545
1214874345295753216
1232392935632703491
1206664827420258304
1221935001358553094
1206704021408538624
1222975033276030977
1235249573259599879
1223485340910063616
1231650897521934343
1220785298981957638
1220759467853328384
1228642611612848129
1226868555863535621
1214872924043325440
1207049246509285379
1206455173666750464
1207011578366873603
1221038514185342976
1217537880928739328
1233137653232668673
1213795604586995712
1237693477896495104
1213836651052589057
1210253160947896326
1214932515540086785
1205070412821999616
1211682159058137088
1205403414462652416
1207395610778853377
1214902663583809536
1214907334855667712
1211337941999640576
1211600267218735104
1211659981906481153
1205429453616234496
1238759343509647362
1205495589896704000
1214902536680947713
1211723518083321857
1214910950702231552
1226924289217224704
1231682022151720963
1211896770910969856
1214915655838781441
1239154533693116416
1211940835966799873
1207221051018625025
1205173970426892290
1214199739832504320
1205932228351381505
1205067845790552065
1205066370838343681
1205058459437355008
1205073976592150528
1206355760793473024
1205122039448850432
1205166675215163393
1206141848382853122
1205893998507937792
1205215887235723271
1205830292273008640
1205610849177669639
1205556744711217155
1205162379451011072
1205499364715761665
1205479731103186946
1205407762873769985
1205401975371776000
1205233127179706373
1210540939078447106
1222216794859089922
1207631517805101058
1208059273487491073
1213853734746370049
1213551328506630148
1214937968496062465
1214938363918245889
1213761598025850880
1213753835681771520
1208057087269445632
1214935579906973696
1214946066556211201
1211989828201598978
1204867815544627200
1213770523425099777
1205388009325105152
1204847389384888321
1214952425800503296
1214950331546787843
1214949495030583297
1214942651717431296
1207455314070642688
1214936433095524352
1214085338232238080
1211067331646050305
1214901341354647553
1214901006271729664
1205641088997961730
1214890629752336385
1217554746388729856
1210280438834630657
1210490559703453696
1210513606938431488
1224430425575231490
1224450224380248066
1204759642787778563
1209613698932842496
1210676828475740161
1214894728203980805
1213502072735318018
1238635864588156929
1210869400716431361
1225521881987588098
1210944733381644289
1212431518779551744
1224486144789880835
1205387802424291328
1206517107720171520
1205388195657109505
1206791910741938178
1206884047244472320
1206891740277485569
1206899215638695936
1206906699677876224
1206914361962483712
1206921991674060803
1206921880667602944
1206884030656000001
1206853917545566209
1206884134955732992
1206853935581016064
1206791519774105601
1206808769268604929
1206808488694943745
1206808079561564162
1206807409215229954
1206816109955108865
1206853923971178496
1206823777700646912
1206853894497804289
1206876500651315200
1206830988011167745
1206754970315436033
1206732484869869570
1206732416938844161
1206732272310870017
1206740519616962561
1206769760869838848
1206740345461125122
1206747373470453760
1206755898280042500
1206763462556299264
1206876640141291520
1206762272997171202
1206761592081268738
1206748092462182401
1206952210619420673
1206792520396689409
1206791787039395842
1206861603293061120
1206869140201508866
1206869051580002304
1206831133809397760
1206846446236061696
1206733226259161088
1205388344403869696
1207510154889089025
1207480246569705475
1207480171944710144
1207488228690944001
1207487808199376896
1207495709500551169
1207495311469535232
1207510122513207296
1207503321738678277
1207578784502816768
1207503107124613120
1207502727707799553
1207502346361720833
1207501943523819523
1207510796835704832
1207494955087941633
1207480292488941569
1207601524987314176
1207601419932590080
1207509853486374912
1207548380643307525
1206846287624200192
1207525181922656258
1206846069381967872
1206853971136135169
1206823343258787840
1206725573353054210
1207201023544217600
1207208926678310912
1207518070710898688
1207525716599853056
1207525596466733057
1207532767703158784
1207578885275213824
1207532555018346497
1207540978648666112
1207518191578238976
1207540361477984256
1207556107113287680
1207555944533544960
1207555879177900032
1207555758352666624
1207555637384826882
1206732693427363840
1206771031026929666
1208466980661080065
1206982366440370178
1206959706595561475
1206982223204962310
1206959698190241792
1206967286575308801
1206967208318054400
1206974822967853057
1206982439693799424
1206982386312859649
1206959668578439169
1206959783871438849
1206952184614653960
1207042783963500546
1207050276479414280
1207133381525483522
1207133263334182913
1207133202051215360
1207140061583695872
1207147918446284800
1207155851716378624
1206959735590834176
1206952097104699392
1207162972612833280
1207027688503775233
1207004966851895296
1207012532327780352
1207012514678104065
1207012362349432833
1207020055822831617
1207020202506018818
1207020201180577793
1207005060628172811
1207020174399983616
1207027663807959041
1206952118059446273
1207027647156387840
1207035154545422336
1207035113755856908
1207035040368119809
1207027709953683456
1207042787457347584
1206997294123491329
1206982343141015552
1206952147046326273
1207125500189192193
1207170261138710530
1206769568057896961
1206775350811938816
1206952187374505984
1206936950671904768
1206777524182749186
1206777248507973636
1206777117050056710
1206776746957254656
1206775918997454849
1206775803431796741
1206777968565075969
1207065377890545674
1206785774194057217
1206784952169353216
1206784723231621121
1206783897448714240
1206783884395974656
1206783561371734017
1206793168152346625
1206785039356305411
1206792690383413248
1207201063721426944
1207102953615699969
1207178592934932480
1207057951371825154
1207178201983782912
1207186206297133058
1207193674880356352
1207201188401287169
1207170518232764416
1207050334205620224
1207118240993988608
1207102952214798339
1207057962562445331
1207057861400055809
1207103155449794560
1207065441123872769
1207065401810702341
1207065397066948609
1207110420638654470
1207065390515396609
1207065259074359297
1207080538491760640
1207088089409236994
1207095715446579202
1208072070921359365
1207495149292544002
1208495129088188416
1206144343939207168
1206779888314802176
1206815473423110144
1206838460566441985
1207005102248202243
1206680080254144517
1207102489125933058
1206517628069658625
1206491435098353670
1206189678380158976
1206760055749718016
1206204764104642561
1206219773052424198
1206308134538620929
1206305356172931072
1206518078256885760
1206303358266548224
1206309665165979649
1206309605976018944
1206348156457369603
1206770760611696640
1206650058533490688
1206421287180087297
1207397444818014209
1207374973490188289
1207405116539711488
1207374953429000193
1207382485610434561
1207390134699806720
1207390116223827971
1207397514514702336
1207397497628512256
1207382556737507328
1206642353630527488
1207254003995873280
1208605582489317378
1206717945331830789
1206517036433780737
1206514923339165696
1206544504884539392
1206544421069692929
1206551992388198400
1206582272717185024
1206363222233767938
1206484754712928256
1207359730668179456
1207948559204663296
1207352318255157253
1207367395158958082
1207509339684167682
1207571088554770433
1208174691669725190
1207585608027250690
1207691731438886916
1207901592583909376
1207947819010670592
1207246534011695104
1208024199253680128
1208053913674567681
1207600861381373953
1208853331105460224
1206114227771117569
1206075134450241536
1205392088323502080
1205391356849512448
1205391102565650432
1207352324718571523
1208069627118542856
1206309283148767238
1208492164377919488
1206129224920248320
1207109283512541184
1207193413201940480
1208370954621145089
1208401734235836416
1208446722554441728
1208446273877168128
1208461561498607616
1208353649203789824
1208190208103112704
1208536311877046273
1208622103269969920
1208642772607143936
1208688025003286531
1208717411844837376
1208792371900616704
1208821590642835462
1208591410703798272
1207162341105848320
1207359673034260480
1206725687350120448
1207359818320748544
1207359829616078848
1207760209080455170
1207755480497414144
1207992713410428929
1207989221782368256
1207607420484239360
1207200933379235841
1207472503167299584
1207472773368569857
1207261662711033856
1207654316389130241
1207261619501379585
1207269344427814912
1207284338913685504
1207291902401433600
1207291862148698113
1207254002225893376
1207299463137710085
1207299412256591872
1207306930508750848
1207735851129569281
1207613796992180224
1207329679717257216
1207255306956419072
1209025099166302208
1209381695960403968
1208078557358043137
1207662701591351296
1207388946256322563
1207343185829208066
1207296657727119361
1207295304753696769
1207282763084238851
1207655412725628928
1207984212667703296
1207601516787519490
1208004118838689792
1207988767778197504
1207601358632890368
1207601258384822272
1207601241179734016
1207601113832329217
1207600937860304896
1207600917031378944
1207314573197553665
1207261724023365633
1207329583600672768
1207458014896295936
1207427779102486528
1205529960699637763
1207435213913104384
1207442830894993408
1207442673138896896
1207450531251335169
1207404995718590464
1207450382231728128
1207344661054050306
1207359874260180994
1207465435001737216
1207465391792041984
1207473103254835201
1207472800006582274
1207450199377039361
1207359874541203456
1207405006464442373
1207405172953141259
1207359839942455297
1207427816767344641
1207457999385747461
1207352231361761280
1207223957088296961
1207299420817182723
1207344639872819201
1207254015089762304
1207254077450674176
1207208749632557057
1207216436906774528
1207216429898108928
1207216383332900867
1207208691046453248
1207254065161363458
1207254179355475969
1207223849433096192
1207231505891762176
1207254105451876354
1207254131989241857
1207472619957760002
1207238938773073922
1207239009220599808
1207231472089874432
1230226904717852673
1207131221597265920
1207005009499639819
1206642090492477440
1207131544680304640
1206754618421719040
1206755550517714945
1207020165432565762
1207050300235898880
1231892057784037376
1206649667523633154
1207109788225675264
1207291958252724228
1230211799779287041
1206929439109595141
1207367305895788544
1235528206272335873
1206959737650237440
1207471807856611328
1207510913928105985
1232406891269181440
1206551996687437824
1230109434166284288
1206891566872367104
1230256579993272321
1232627249108656128
1235878764443242496
1207917517898956801
1230205514816114689
1212820964414820352
1233039428836352000
1205113195926568962
1204903022549180420
1204911116998053890
1233408100985712640
1205016373778436096
1205024787489271809
1205025343142268928
1205193625514184704
1205034307120746496
1205051388952240135
1205057017200742400
1205061063810654209
1205084384916840448
1205092675482988545
1205109184536236033
1205124428935450624
1204841946428170240
1214313291826311169
1214061113127641088
1214099076461080578
1214150892146118657
1214175623033344006
1214211107541393408
1209110522785910784
1214326509692997640
1205165272459612161
1214322184279203840
1214372038686707714
1214062609969926146
1234610094731649024
1212339072267702272
1212056794295656449
1204885138007560192
1204841024318824449
1214940105498144768
1207548422389153793
1208048869583572994
1207964421747859456
1212056309308239872
1207598335152013316
1205591046761144321
1205638442224361472
1205680766912356352
1205728734671785984
1205926317323161601
1206138624288460800
1206266104437465088
1206555613263777792
1206652551107686400
1207639781120888838
1205249379063549959
1204832656476782600
1207061475929534467
1204826158136774656
1205025232702070784
1204791425424150528
1205211873567793157
1205380527609524224
1207152762301140993
1207276022384746496
1207424392399147008
1207282062769709056
1207038342069657601
1207022587869564928
1207385363737649157
1206695970018332674
1207398099293003776
1213962149707558918
1213964890324586499
1211008292727803906
1212838962248798210
1212722960848621569
1212862765565718530
1213278589782777864
1213382659583418369
1213409180855472129
1213456265646690304
1213474012443152386
1213474960615886848
1213477183311745024
1213489005767122944
1213008440324440066
1212882170630561792
1212835993117712384
1213532954976280582
1212811660844552193
1213838795096907776
1213534116207050758
1213822436770304001
1213817832338841601
1213836332104962049
1213789303421190145
1213832667982127104
1213544829138939905
1212740379142971393
1212802673742876675
1212764233781391360
1212772780992868352
1212768863680704518
1212768079119290368
1212766750053425152
1212807165536284672
1213829594433937408
1214850873685413888
1213957801539706881
1213864667162062849
1233847444921896961
1234412043266150400
1227877056161165313
1213829147010719744
1214893219210813441
1214430599001333761
1213913086626799618
1233722754630868992
1213910884990554119
1213909498471079937
1213921184158486528
1213942225215918082
1213929789691777027
1213929147933876226
1233806989861498881
1232645091027759104
1214824290849349632
1224757333273849857
1217388329211170816
1217827289225990145
1221195112920776710
1222626733146374145
1224694664156106757
1224759511992487941
1226606421254508545
1230629272559198208
1214872466067202048
1227334663699607552
1228399564832550919
1228752129143140354
1229522791680086016
1229517528231219201
1211010228067680257
1211015941968015360
1213798571914477569
1205061592901210113
1209951887107219457
1209138391713026051
1221913489217933313
1205791012565729281
1208757911486377990
1205767995127152640
1205060442361647105
1208426370474401795
1213078262613762050
1213514840142204929
1213872570308743171
1205078291041935360
1208339874673307648
1213512335194755073
1208285536672256001
1209391263071514625
1213535239081021447
1234846422203277313
1205157599315931138
1205131084503097344
1213469047133786118
1213192489236156416
1213164193421156353
1213540394551496704
1208151841277698055
1204828792243589120
1213569143137546241
1204906947528577024
1213603987246735360
1205011905133318144
1213741153306189824
1210120549541789696
1209139101473095681
1217030043819560960
1207978114036486144
1206311007410372608
1209229847643467777
1209394503527936000
1209380218424696832
1206840226229968896
1220547596403531776
1206621684905762817
1209255861723500549
1206674962611916802
1217812532246740993
1209464173438128128
1205899660776353794
1209351333502947328
1205905213531533312
1210202230940426240
1207066146186432513
1209108481715920897
1207270905287782400
1207327185448710148
1221513299860344836
1207328643166416906
1207562365908193282
1207599918313017345
1211019250921553922
1209545177901281286
1207760835394883584
1239498379249553409
1210528738577924097
1210356137343803392
1235833379334938625
1210214070575681539
1205506496550715399
1217337582041866242
1211552031305060353
1211956255629172737
1208449850536271873
1208389098706276353
1208392495022907392
1208360020427055104
1208184557247315969
1208146541321576449
1208114210204528642
1208092946064707584
1208048753086730241
1210872945813442560
1210947672192036865
1208032742954414082
1211693532261556226
1211975216504684544
1211939177513857024
1210864679620362242
1210946247462440960
1211466104247390208
1211451172487344133
1211370692350005255
1211316968051089412
1211306947661762561
1211642505940389889
1211650370461720576
1211941921167433728
1211735711814160386
1211776933022904323
1211753197972459525
1211749082470989829
1211788359586201601
1211922712257536001
1209133934992330752
1209217688205172738
1211094856724090887
1205495358375284736
1205440928963534848
1214291240965099521
1211153622731513856
1214906693659832320
1214901158415876096
1211967225789325313
1208518917951512577
1214275563009036299
1214811058973663232
1214794145925156865
1214681696517398528
1205627058791026688
1207959829962219526
1211272167977078784
1211953457634193409
1214261670790475777
1209873966023761920
1210699949899501568
1210128406295273472
1210216423789862913
1210491461764034560
1210544532003184641
1210583978408841216
1210618968630841344
1210788331727945728
1205222643366010881
1210851070831927296
1209366207465476097
1234855768240857090
1214216880262713344
1213896014777765889
1205194553361420288
1213793640339955712
1204921355302514691
1213798648557047808
1227331622170767365
1214893635839418368
1205381558728896512
1205381520137105409
1205380884666421249
1205380452950986754
1205404486791049216
1205412016158056450
1205427168643354624
1206521657248145408
1206219820972347393
1207252985589436416
1227195984037453825
1227490651043811329
1207947907191705600
1207978296396406786
1214893491387617280
1208204519802314754
1225047207063232512
1207901338379726848
1207932505007034370
1208310504973881345
1208278151152967680
1208203687975440386
1208204628548038657
1208023956143390720
1208172852127645697
1226897227014115329
1208099750202855425
1208069093401776128
1208053972164055040
1208054114254565377
1205457242197254144
1205384292123238400
1207578878455271425
1205543711159017473
1205390419028254720
1205389833050509314
1205540112374910976
1205540388406210563
1205464887423623168
1205472363569127424
1205479888733528064
1205494917985910786
1205502579234476033
1205510133872254981
1205517768994566144
1205545541310074881
1205459318763671553
1205543827978833920
1205542908809633792
1214890439075139584
1205384287404593152
1214885604477014016
1205387114856230912
1205387151397064704
1205388580299968513
1205389005497536512
1205389442959233024
1205389550601875461
1205542798704951296
1214898533096153088
1205458054386475009
1205540721836642305
1205541402433720320
1205542038214721536
1205542608728133633
1207631094926983168
1229382971133767680
1222526582583189505
1208717761112879105
1224404330486341632
1208591012416966656
1208492114478346245
1208491975923646464
1208537233202057217
1208536950069714945
1224404867583807488
1208551006667264000
1224273017813053440
1224236322069667841
1224002396155719685
1224208355054493703
1208672133079031808
1208718540523614208
1208747525160816640
1207216198024335360
1207269346302734337
1206619931099455488
1207239111091916800
1206959678095347712
1206604722091761665
1206732344150953984
1206959725419671552
1206767434985857024
1208746930374893568
1207223981251735553
1206732954027909120
1227250647394902016
1207548127483437056
1208794051853606912
1208761600339062786
1208808792718270464
1222218766869848065
1207615675981815808
1207691525989261312
1208339639490232320
1207812119640588289
1207782106274775041
1207767589797056512
1207706493396623360
1207691290063884289
1227963852236709891
1230067009372721152
1207676994294571011
1227618528989253634
1207646372746473473
1207631512960733185
1238683947732787200
1207615568091762688
1208431856892424194
1208896078478741507
1209077467492868097
1208823666672320512
1222496895681073157
1222565163594846208
1213803698742267904
1223236711985098754
1223378130204790784
1208903582147317760
1208895776342073346
1208820182065569794
1223530841915166721
1208882252932890624
1223548614854828032
1223618055089152000
1223722943529865216
1208820035902484480
1205397537454211072
1208975614230908928
1205398070457970688
1205533141814980608
1214959611096322048
1214946657495855104
1205600694348255237
1206068641789333505
1205533470916841475
1205536855695011840
1205536318698217473
1205535050420359169
1214920469054394370
1214921032232046592
1205534730910945281
1214926728625213446
1205533311810097152
1205578098621767680
1214933951711711236
1205970573387542528
1205538848798912512
1206518276475502592
1206498926645395458
1206499045566492675
1237518962981613569
1206484259457908736
1237384994353328128
1214960211229843456
1205530629342978050
1206045588783030277
1205570580570882048
1214936775992446977
1205528625400946690
1205529330694139906
1205530183970807808
1206023405729959936
1205970596674392065
1206517160681582592
1213774175535546368
1213738356301058048
1213738284813340672
1213753339718094848
1213776011940237313
1213775470107471872
1205403373316509698
1213766044382306306
1213558283539288064
1213560496051372037
1213790305679486976
1213786194645000192
1213777684607766535
1213806261675933697
1205398627415461888
1213568593625001984
1222099026092462080
1205970755810471937
1205872397259345920
1214958675321856000
1214955969488273408
1205932966859460609
1205623463630835712
1205932984655863808
1205910228753092609
1205872488049233922
1224010787540348931
1205834646711361536
1205789538855137280
1205736009322905600
1205690043639009281
1205925264112443393
1209088707795603462
1206517654468599808
1229845971640750081
1237148121840435200
1205392213213102080
1205391149722218497
1205391416022720512
1205391639763656705
1205391936485548032
1205392100377976834
1205392173530832896
1205396826146426882
1205395821778391040
1205392294129684481
1205392368536567808
1205392409523150854
1205392670849478656
1214862496688934913
1214858793718353922
1214872205806460930
1205396994933612544
1205395788102324225
1205400714396221444
1205399483896520707
1206484051122704384
1205399736221601793
1205399761886547968
1229303310814982144
1214853456109998080
1205401005472526337
1205390151331004417
1205401095029297153
1205401225581268992
1234793533216825345
1205402382126989312
1237515521605554176
1205400818935123969
1205395070679166977
1205402725493686273
1205392352455675904
1206514840203870208
1239026999949176835
1238928735644065798
1206306525247086592
1214960838957838337
1206461229230952450
1237654887267282944
1237111178406608897
1206287672010051584
1206515163219673088
1206515438781423617
1206516639765794818
1206536636785401856
1206516783433355265
1206516718434226176
1206265146030604290
1206521855294742529
1206308116037586944
1206303535845068802
1206310437559685120
1206307971904495616
1205538899059191809
1238456983415644160
1206308964415221762
1206303396287975425
1238584258878373888
1206304535242846208
1206306000036335616
1206421204468264961
1206306471857840130
1206307645965185026
1206307745202393088
1205538579193253889
1221345191036059651
1206303903832252419
1207007324864417795
1206612297914945537
1206979328472432640
1206642609806069760
1206909066771156992
1206303643651203073
1205094175995310080
1206897076182900736
1206304735298572289
1206304796736720901
1206693110325153794
1206306146300178432
1206604560086831105
1205097332431360001
1206517002237550592
1205533934710378498
1206309443111178240
1208054682586882048
1206537749802733568
1208054451493359616
1206351664439058432
1214948962156896256
1207276817196957702
1205266979248062465
1205902649738039296
1207146975734517771
1205857475066499073
1205819728486371328
1205812174968504320
1205796862042759168
1205486426919452672
1206768471343800320
1237816988161974273
1206586713470054406
1238410997477580801
1206517848933355520
1239194509994602497
1207760453918744578
1207713533569449985
1207710882307989506
1207390002671435776
1206453518510542848
1206413751420895232
1208301217459380225
1207988949819498498
1207978349227839490
1207478241012961281
1205608291046432768
1210314728821723137
1205600691831656448
1214939823699574789
1207367450653810693
1204888322033823749
1207087725582725120
1207457901750734848
1207397357400346625
1204815640869195777
1205615883416002560
1204803758410080256
1207815424009744384
1205530334688894978
1207993835407716352
1205487541509488641
1205530593934446592
1207570728696111105
1229856530272571393
1205528722511683584
1207947666501623808
1207352328241786880
1207291927017725953
1205535055763910656
1207737339407196160
1205535223838134272
1205510058903252993
1205536006251909120
1214918949671964672
1207978370002280448
1207977277520318465
1205537933362642944
1207706216492929025
1207721750907281408
1205539095008677888
1205653363792199682
1207796950361350147
1207841418926022656
1209251379002392576
1211964791029424128
1205543612227997697
1209847348265918464
1205538415229452288
1205544515307802624
1208020360261713921
1205533111624372226
1205359599928381440
1205457953698058240
1207072857865490434
1209194200702554119
1208672041672548352
1213221028996014083
1208806985023590401
1214679489910849537
1205396970057150464
1205397814114766848
1208867442749038595
1220717265961865218
1209193704361213955
1209197305242537984
1208447040486658048
1207310038777368576
1208807824085671937
1206822185077264384
1205401310268403712
1209123260857749504
1207050131725541377
1205402224349724672
1222268052282265600
1205402912794587136
1205459743873150976
1205457291945881600
1209076809981149184
1205458559896555520
1210538035802181632
1205386228713037824
1205427088003612678
1205385698922115072
1205385456596246529
1205385271577075714
1205458344858832896
1205385016995459072
1205419589892550667
1226226465613733890
1205457343485493255
1211080528985767936
1205384515197243392
1211195561552076801
1211029697670373378
1208069417990545415
1205459492504293377
1209823776113909765
1225404782229282818
1205380480604000256
1213049753946279941
1205403060148809728
1205402029855690752
1205403122199216130
1206151915488325632
1205393402176712704
1205391500651220992
1205403248850620417
1207863324156792832
1208039210952859648
1205796982649958400
1206212320306835457
1206197061340798976
1206883931854905345
1206891864537882625
1214865940149653505
1205751183677251584
1206129233057239040
1238902141093318657
1205610715559735297
1206989936282370048
1206023131556646912
1232197696653492224
1206257496526086144
1205970735316865024
1208777214482931714
1205457826451247105
1208749039774289920
1205389905389588480
1209051017817608192
1208509614192517126
1205395469981114368
1205393964087611392
1208477237894356994
1214236215014297600
1205388913935835137
1208537117711851520
1213597386859274241
1205388431964221440
1205389976332128256
1214171985045049345
1208567835666079744
1208718703770177538
1208702092719865856
1224060604434042885
1208889271811268609
1213821622072811520
1205394054571347968
1213749783959089152
1205390548883914754
1208598032264003585
1208314386718380032
1208437635359891456
1208330266328141825
1205807018881277953
1208053693876244483
1205534564820701185
1205530179495505921
1205131104333811713
1208792016945131526
1213871373451440128
1211073900672626688