1202444894721249281
1205521128179011586
1206440616101588992
1206924075374956547
1206606011534057474
1207776839697129472
1207373552099450882
1207453546834276358
1204535986971131911
1206072779000438784
1210643148998938625
1209681912492675072
1211737255208984578
1204425536916905985
1203627609759920128
1210912199402819584
1208160409510912008
1208145724879364100
1204470688624652288
1207709398216380416
1210755666878451712
1209483898884907009
1206835309704556545
1210348815334723585
1204362205250117636
1207661746862858240
1214178889657917448
1207699408558731270
1212214164850003968
1205335713497206786
1205339921436860416
1207618549143015425
1209256450507206657
1205284803349757954
1211838461419884545
1213536947295137794
1208057885181304833
1208086753879511041
1228071567449567233
1210009037670092801
1211757104551354374
1236657686634205184
1210568080444837890
1210601271993851904
1210673404904431624
1209962818470121473
1204454451827884032
1209947568190427137
1237402892564402176
1210363205710733313
1210360127922069505
1209306132029853697
1209983672524451850
1209907641331462145
1204513984780521472
1204577992787275776
1210659818895224832
1209563193233858560
1209728624691236866
1205717264923799552
1209879346644688896
1210712961095995393
1209999904128585729
1210036959474786304
1210712115742412800
1209887570177511425
1210255819742334978
1206632177263370242
1209916517095297032
1212813782071808006
1206950409253871618
1235223456683372545
1206920547428384770
1210879966423998470
1208986562723229696
1232301022397304833
1208758595074048001
1211072080684486657
1206712787256389633
1208153403186188288
1213929042841423872
1202439280221663233
1210967189005537280
1206836167464882176
1211040692283346944
1230499900015529986
1211080051388801024
1202719392729096193
1206922173195132929
1202955720901234690
1211558813259706368
1206528092837163009
1207372043869736962
1204070527603744768
1211069177349525504
1209002719299674112
1207497634585489408
1203811233415225350
1212736562410270721
1212725389266706432
1212428492853383175
1207450300350644224
1206043882364030976
1213533183532261376
1205954742754693121
1212465186084446208
1207502949980758017
1214253936732987396
1212576383697858561
1208868057650810880
1208118360212418560
1210981086454591489
1203697821582540801
1213895941238996998
1207419332592099328
1208838457352753152
1212922061758304256
1207030524285530113
1211782685548527627
1208757516030631937
1205800455726649344
1223066996528513025
1205881022325383168
1205467293754499074
1204070934556086272
1226258653138825216
1227792716345507840
1233940717795495936
1233753197048672256
1203699969242419200
1203632756363866112
1203684053435768832
1203607983667724288
1232583722404401152
1203011003111346177
1203428703511994368
1232405944098787329
1227060208385581056
1203099631930007555
1205780927223390210
1203031485151895552
1203441526912802816
1225585626428342272
1205642225742254080
1205099700036214785
1222391123559227392
1230595537516232705
1204215838863233026
1234590629927276550
1204868486830395392
1204865162819190784
1225870310240595971
1204973310049697792
1204986532597313541
1205142174096142336
1205620424039653383
1225397342557364224
1205346066671063041
1205408546101350402
1204790155388882944
1205405239584706561
1224810225083080705
1205504836139175936
1223884896667611138
1205557097267683330
1202719008732188672
1211496436367581184
1230339985120821248
1208440795155619841
1211498633704726528
1208346513170223105
1208374402825543680
1208372948299657216
1211117355566338048
1209704634639622144
1208412210432790533
1211061220788383745
1210695919995424768
1211630202931105792
1211645583527563264
1208456866432466945
1211750210499727360
1211788732262764550
1207822903452086273
1212058602669821953
1207816633944698880
1212051789064941568
1209261182185562112
1237447052445048833
1210673694093254657
1210653188552085504
1202433010370580485
1209890813213335558
1229897628323897344
1229816340082577408
1202358421674180614
1202298173978480641
1203069915688771587
1206837883207868416
1212939880164143104
1207836951073763328
1208124647008546818
1209892612670398473
1210678839422193664
1209873733994917888
1208152023419510784
1208151449148043264
1211716759927115776
1211691183749128192
1209849611868917761
1211677883091038208
1208181538740940800
1208197273609494531
1204569202985783296
1206346351094771713
1204520710711975937
1220580374344093696
1206623571914702848
1221905271490039808
1206665768433311744
1214919427801714688
1221813374457122817
1221426656147124225
1206747435743219712
1220739416848728065
1213949941678329857
1212033106481467393
1214327637545562112
1206686370607050757
1206378275771158534
1206695698160324608
1206700985277702150
1214030176427876352
1219464945458388992
1214022440361373696
1219311431977447426
1213988740340817921
1214237758417522694
1214365592758706176
1210388995810766848
1206528751145816069
1206787908994252800
1206204533883445250
1206195355928403968
1213890258158403585
1206783488504029184
1222001984737292288
1206794191013056513
1214305610218590209
1213884290993414144
1214160173889179649
1206047687726051331
1214403022589169664
1206664466861039616
1206665190277885952
1214179177357819904
1206640092359598081
1214167214875709440
1206630689044652034
1214369084512636929
1206563584542748675
1206589260385673216
1222620515652833280
1204522205561917446
1239359439699836930
1204464414684073986
1204503941192593410
1245518099673202688
1204710851942457344
1245436028191682562
1204673462641602561
1204635199444795392
1239601569206882304
1204610387221590016
1204597965425389568
1204386729295327232
1204486519580434442
1238819992096964608
1238472610335293440
1238301785577709568
1204544499579535360
1237816623567863810
1204538931842355202
1237578634488999937
1237556820052307970
1235662105132425217
1235848657636749317
1236863130208256000
1236664542152871938
1204451295857463296
1204446398692941832
1236798039299407873
1204433560217763842
1204433474242981889
1204431873348272129
1204425478347595776
1236676219418050560
1204412834915876864
1237011893535072256
1204236995377139712
1204392870515490818
1204370190525440000
1236256519915782144
1204301376047767552
1204295086969937920
1204273508555067392
1204266928589672448
1204260216973471745
1204255007060705282
1207830795580313602
1204645259424272384
1212025038414716933
1213593385019355137
1210381710069846016
1210316657211654145
1213689612394209285
1206959380022857729
1210293507434393601
1213675059199533056
1213520586250629122
1206988090734194688
1213603720321257477
1207032535479463937
1213829653749784576
1213550910288338944
1213557440211492866
1210280510574022662
1210289035236823041
1213538419663679491
1207049864229593088
1207053053377073152
1207052631581048833
1207070941529989120
1210383578976202753
1210347977866457088
1207365254918869003
1207301450038235136
1207281269639434241
1210241586208088064
1212881592932278272
1212882410028830720
1212860447449370625
1212843487999205395
1207293581284855808
1207304947483709440
1210228027835195395
1212821970141810688
1213851315438280705
1207325074795225089
1212795925929832448
1207179877683777536
1207365611275333634
1210271780742615040
1213542362137403393
1206884755314270208
1206884488703348736
1206916481650483201
1213627876567896064
1212820376192978945
1213521449715224576
1207404008949850114
1210651123444600832
1207742224592785414
1207371700184272897
1207380230656024576
1207634671883948034
1207377635753508865
1207743419323502592
1207382905749671937
1207397621989556225
1210205535854907394
1212205790813134848
1212427982138159104
1212777804363902977
1210554134740586496
1210589288917852162
1210178483953053696
1210150649553444864
1210585470410862592
1211995917584343042
1212473054875570177
1207743586034421762
1212460600783179776
1212568253148651520
1207443506597367808
1207454272360796160
1210582971108847616
1207619112836456450
1209931338108866561
1207549552259141633
1207721971708039169
1209971626340757504
1207461612203978753
1212541653870886917
1212549952863424512
1207688481482444800
1207688832793161728
1210042980712812550
1210562727640543233
1212379527160193024
1207650050807123968
1210626127179456512
1207518435057504256
1210618301350653952
1207520150834106368
1212928244246339584
1210583002205622272
1210534999545528320
1210727636084781056
1210743611270152193
1209117621033095168
1209115306611953664
1209149125134082050
1210908443504238592
1209143798477000704
1210917349051785219
1209164954399641600
1209196771542519811
1209195288814137346
1209067992845312000
1209213064714838016
1210906757582770177
1209208364787552257
1210743071970713600
1209223413245599745
1210880646438100994
1209217741170851840
1209243838558199808
1210875919583326220
1209092808826597376
1209070335187935232
1210769479128371202
1211840512891768832
1211985927444271104
1212945575785762816
1207896969374576640
1207959842192855040
1208085932626317314
1211993709023309824
1211899701190107136
1211833430222225408
1208020364988747776
1208032919001948164
1209301171841773575
1208052041546977283
1208065135123632129
1209906796497965056
1208055111093760000
1211811231839006720
1208097156428713989
1207980009568317440
1207774407944474624
1209634001025224706
1211051260893257728
1209240766796554240
1208020590289915905
1209239084293595137
1210468489837907968
1210979448805298176
1210980720237326337
1210980777183326208
1208957371663495170
1208956203088396289
1208791404421484545
1210644305276293126
1209254375182491652
1212144950701383680
1213522905306423304
1209486925645713408
1207110987465265152
1210256898580254722
1204721271319203840
1213107341123559438
1207120793680973824
1212943910722572288
1209214061159710720
1210377110101090305
1207130248300711936
1210731181366370314
1210237586784030720
1208835262710796288
1211005032495230976
1208587438714691584
1210954760821657600
1209531536028184576
1208620200981147648
1209435649348186113
1208616373494177792
1208668313120890880
1208659051887808512
1211023488347246602
1211009491967315969
1208749004168867842
1208802445150838784
1208803625784487936
1210990279341293573
1209439064019079169
1209477337953243136
1208500195425705985
1210715767726993408
1208722977396809729
1210992643334975489
1203852205402537984
1204052305374527488
1204719028486447104
1204452400435740672
1204457661686833152
1203770149410627584
1204546112058744832
1204566184596844544
1204700375137366016
1204682332545986560
1204661697191010305
1204637572435189760
1204604863096729601
1204576451955249152
1204562275736150017
1204558707587051520
1204091702513930241
1204382169973579777
1204126304645328897
1204413293688811520
1204447526113468416
1204446262797443073
1204432897173794818
1204545596117463040
1204432021306646531
1204428857635491840
1204420782044123136
1204419135532220416
1204411049643929600
1204183024042172421
1204409092846096384
1204405265950543872
1204454166694973446
1204379042885054464
1204360116595830784
1204274197557473280
1204235982821842944
1204228761807392768
1204212072919261194
1204556395267407872
1202238094747095042
1204461824390942721
1205304055234519041
1202025560433680385
1204752703248834561
1204887373840101376
1204939571630399488
1202315391114059778
1205215643945050115
1205260666367549440
1205296899269390337
1205302338988236800
1202123466905927680
1205349385653096449
1205404417970888704
1205461642726772736
1205488909854990342
1205504047492587521
1207619123896836097
1205512073872101377
1205521155660173313
1202101871395115009
1202198183658577926
1204540867811446789
1204484507505766401
1204538112489201665
1204534233294704640
1204532579652816896
1204522466720137217
1204519792574705664
1204514580950659073
1204509598356529155
1204489948188966912
1204475867746983937
1202203858153463810
1204473552847753217
1203825287370354695
1203742245742096386
1205518097928589312
1204927792292466689
1202278618069655553
1202256331899654144
1202253930249555968
1204382620387287040
1207429626236145666
1205533504374759429
1205545255984082950
1206390585264881664
1206425459979956224
1206444602670145536
1206511272608649216
1206564626697076739
1206923219426562048
1206944512578347008
1207445742878633986
1206334645513728001
1207299055887560704
1207305470328918018
1207302919395168256
1207317725586116608
1207315408568631296
1207350159723679750
1207365174157627393
1207397857327759360
1206380479647272960
1206309620538597376
1207428149698584578
1205951953664004097
1206205019516624896
1202317867871559680
1205559072415727617
1205621469297774592
1205652741995020288
1205807216399437825
1205836078688690176
1205854232206811137
1205958439970717697
1206307109278760961
1205965341681164290
1205996790446620672
1206051396036046854
1206232473790828544
1206581721044529152
1206276256393842690
1206276230640799749
1206300970713522178
1207434921444335618
1207463434264203264
1205554454424104960
1207109744361644033
1207024998684221443
1207032224937316352
1207030129437925376
1207027794192076800
1207069484281991168
1207283324831588352
1207073719388188672
1207092416924266496
1207117737979453441
1207003637882523648
1207116702707830784
1207122928967540736
1207130751667494912
1207136958004310016
1207134681461936129
1207182009644257281
1207207290585124864
1207269289872576520
1207008981174099968
1207004825642242050
1207291691402555393
1207510257821528064
1207459656383246336
1207469212379361282
1207468628918120448
1207478353328066560
1207485954170245121
1207495500070576130
1207495217710018560
1207489291745669120
1207506721054302208
1206996590986174464
1207550618962931712
1207288008690548736
1207278289259245568
1206967085303320576
1207052120345710594
1206965701623341056
1206962419739836416
1206982100840263681
1202291140927643651
1209373934518439936
1203706672730038273
1209196896847351810
1209924245142351873
1209828371791831040
1209903684018159616
1209881828770951171
1209170279181815810
1209164025214492672
1209176926184779776
1209211416768663557
1209121190004117504
1209885350719569920
1209218451044208641
1209241560967192584
1210251446769373184
1210050736467300352
1208103709684707330
1207723614314909696
1210361248266801152
1209920678872453121
1209937085450379264
1208005562270658564
1209448465664753664
1209254122664419328
1209314853233541121
1209347256077488128
1209345068613677056
1209339729185050625
1209503196047122432
1209479812382969862
1209484323650494464
1209677027156082688
1209090063688175616
1209703678015344640
1208971546519392256
1209147919955349504
1208963213511004160
1209971509059629056
1209956915796680704
1209077210331697155
1209071228335591425
1207718065976143872
1207981114247319552
1209579130448203779
1208087322790678530
1208022760523517952
1207714374724603916
1208037434589618176
1208081532952481798
1207653877635584000
1208106360317059079
1208110042345590785
1210270428125638656
1208093981650956289
1207839164768628746
1207674186413592576
1207674036509192200
1207670138335584256
1210268492005617664
1210288600023207936
1207820842903769089
1207690267224158208
1206583649644294149
1207795352700674048
1207833760676372480
1207714667445051393
1208015986818985984
1210287053855965184
1207991211870638083
1207969349841170432
1207957100187529216
1207903754831437824
1207726608045527048
1204719087890391040
1207746701836066824
1207917909286236160
1207846929520087040
1207741259965698049
1207739971068735489
1207739754030280704
1207885728979570688
1210294181727526922
1207862706511982592
1207774664103284737
1207869051567058944
1209302723511947264
1209289834692567040
1202714942442479616
1208486480060014592
1202397356681023488
1202395870307782656
1202363267139674112
1207550128141283335
1206308820663844864
1209460172994830337
1208664785618780160
1210206424267186178
1202422974437117953
1208503454144090113
1210171983394197504
1210134672728039427
1210052676207202305
1210035718648717312
1210037477743976448
1208705496955404288
1208393394051002368
1202407071733469195
1202444859732320256
1208726508946284544
1203039578552176645
1203664148044926976
1203332023219294210
1203323251272929280
1203181886274723840
1203172247009210368
1203149555631632384
1203105352432148481
1203048475765673985
1202827425517846528
1202461938023895040
1202756231607341058
1202695253607796740
1202351952329420801
1202685550114852871
1202660160428228610
1202571886506459136
1202507802406727680
1202490484381421568
1208730096519045122
1208726375538069505
1209587758664208386
1208888360036634625
1208208957027819522
1210258060389826560
1208220931275005953
1208238243315142657
1208268061557448705
1208311867892011008
1208338303168188417
1208334480215302145
1209983209674563587
1208200307072798720
1210250020412416000
1209279379307667457
1209655367753437185
1209656964998926337
1209266294702432256
1209292110278647808
1209663287220158465
1209606245608542210
1210256913058979840
1210240978969337856
1208783182763642885
1208160352346812417
1209997302993215488
1208806876076560386
1208836645774123010
1208829657551953920
1208844501697138688
1208441241152753669
1208400353751916546
1208929415633231872
1210252149780832256
1208201488180400129
1208127659521314816
1208121604418555909
1208140925660258304
1208150703618822153
1210252296581464064
1208173357788803072
1210256275109486593
1208161722487463937
1206930693831479297
1208608252608598022
1206610337488875521
1213593405344878593
1245133470201810944
1210688544836063233
1214018673314344961
1210671193000427521
1236848302194397185
1210690898553643010
1210689283859918849
1210682204424146961
1237467047384231936
1213605353805484038
1210706342954127366
1210699696697688065
1236830323964592128
1213576045066117133
1210426117326286849
1236756148243570689
1213887096852754434
1210649163509186560
1210603776031313920
1236878345603858432
1210575398741970944
1210475986451664897
1213952735831318528
1210603153076428802
1213990729195958273
1238493186563153922
1210564373514719232
1213837226397831168
1238941725806206976
1213750487620759552
1237916262711406593
1238820853753819136
1213723720403083264
1237865121508016131
1213933155301888001
1238260693155094528
1238158165331582976
1210580189312376835
1210578710052712448
1236847207225098240
1210646485412597761
1210651245339430913
1212808665633316866
1212105441582440448
1221222345345511424
1212103974473674753
1225244677244379142
1225237322079363072
1225775797862043648
1212137330301186049
1225111459123924994
1224967748431773696
1225440149305208837
1212188548104937472
1212200867664998400
1221814281290817538
1212219620335243264
1225612835167834112
1225768909330096129
1224858940468596736
1211935952324706309
1212093004363784193
1212064961146568704
1237244968281837568
1237246700479184896
1244551406348046336
1237420119371980801
1213872690962092032
1237406930085306369
1213655083151511553
1237324486795501568
1210440634173186048
1233256583225892864
1237176262080290816
1212123158637162499
1237158380084625408
1237144721790812161
1213612554368561154
1237041810054230023
1210440836791635970
1236911917534515202
1212729724209893376
1233210434989297664
1213652774308765696
1213686591916523520
1220438158069903363
1210749249756942337
1210413463966814210
1236707528295297026
1213559487572905985
1213846330377953280
1210400530738139136
1210405902467174400
1210403164589101057
1210745038700867590
1210731820968374278
1236565497560391680
1235992053823266820
1210405137627459584
1213543264470614016
1213842028146102272
1210879274011549697
1213858734335840256
1235182345885487104
1214149341193093120
1210728508516794372
1213098537942179842
1210408459411296257
1206926148464082944
1210569713513848832
1236397183181754369
1210804721973284864
1210803435026534401
1236485717397770240
1236426804052791296
1236374297461108738
1245337712896479236
1245174522011103233
1236518628226412544
1236285494457257985
1213541919583850498
1245417932487786498
1210409605525901312
1236098026864771074
1210813564778270721
1236517153127489536
1234995967352397824
1234758507649523712
1213676786246176768
1237594402102468609
1214238200325169153
1235654589459939329
1213499769080946694
1235611547147407366
1235280041241694216
1236723144142045184
1210712352397627392
1236756936680407042
1210592551339778048
1235287647284842499
1210520569688539137
1237711421800153088
1210625153496829952
1210625021342818311
1210510371573977088
1244664252297773058
1213709381205811201
1237563402634973185
1235804667348578305
1245489892756459521
1210963814608449537
1233636695561687041
1210959276535156736
1210384044954980352
1210944779506376705
1245856489325002752
1234062288660959232
1210958569140555777
1213098668984819712
1214270208610914304
1210939453587566593
1210904938508935173
1210948246857822209
1213544245774209025
1210894543517868037
1213547682490441730
1210439605738184705
1235866946035302402
1210381726490537985
1210905774765031424
1226238163531771917
1210913272016318466
1220508623002112007
1227709349952397312
1228004778774581249
1227985068368506880
1227824031736455168
1229177779721326595
1211787714762301442
1212844000497078277
1211785541710204928
1212833621259825153
1211748323775909888
1226739650762596352
1226627606642089984
1211811061055328259
1229149794985226241
1211735392036237314
1211519505253502976
1211659474328543232
1230498560032038912
1211798250317139968
1228880967139545090
1211585743241596928
1231843318050566144
1232680756712890368
1210986110433857536
1232526121469644802
1232341492771041280
1212902348047179781
1232136139189956609
1232012340515758080
1231937011369553923
1211022275815919616
1229093575633166336
1231599726056935424
1211022187437707264
1211021227193749510
1211553981820014592
1211521920434417664
1226508865153490947
1211792563956523013
1211778258372628480
1230344604362452992
1230346777091608576
1232685041257517059
1206757884199092224
1206665948096335872
1206685109660868609
1206681868541796352
1206694400874762240
1206704773979869185
1206716922152325120
1206596728880861184
1206761751229947907
1206769783439536130
1206630452678844418
1206774804294098944
1206790836794613760
1206795470573572096
1206808275381084165
1206818853617127425
1206892793748238337
1211854265083400194
1206904870902493184
1206671629931163654
1206625052004954112
1212890207818862593
1211703846780710912
1211638573939789824
1211634652882051073
1211659731695218688
1230303933198950401
1229208227931357185
1230276037092806657
1211692363086729216
1214930421273808897
1229806220762079232
1206613304208220162
1229228976612216832
1229207853786968064
1230180763120865280
1207125372657123335
1210371416215957506
1206717727207018497
1206607294529753088
1206619090179235841
1214335842111705089
1213861097981317125
1210994280849907712
1212547450554245120
1212467785076486144
1223410446692159493
1212487329845260288
1212534088495771650
1223412325341941760
1212529293315788800
1223335760138571781
1212547491473825798
1212764219017506817
1222024500482576384
1222915515686977536
1222655790173040641
1222626297500839936
1223417017304305665
1212783926885924864
1212309157111566336
1212410106681470977
1212336455873380352
1222169379535605760
1212470335058173953
1212368425319829505
1212004605690875905
1212814723797921792
1226126821386747904
1210969401039740928
1211894425661648904
1211942009667301378
1225925484371947520
1212052139910029312
1212816205083500545
1211999131138433024
1212513741767610369
1225841673760124930
1220521590468816897
1212021576427806721
1212053323215523841
1225811604433985536
1212215807754637314
1212207232575782912
1226258465603117057
1212345917560496128
1212471295356678145
1221924446593830914
1211123858457157633
1211047035660578817
1231348048770588673
1231254906834604032
1231194668853071872
1211016847598014464
1230999066412277760
1230868581421850625
1230813430422130688
1230696169321332736
1211049774457278467
1230661361182613504
1230602118614179846
1231442945233936384
1231446895551270912
1224693380921380864
1211537962803978240
1214291706008481793
1214363828512808961
1212909565811085312
1212889957477634050
1231379006072795137
1223785872342093824
1212414181200318465
1224392397980868610
1212902384919351297
1212425924144226304
1212408688230772736
1224184804712861697
1212411879542407175
1221917010961096706
1224101670268870661
1223673241404956674
1221973089015287808
1223581550907940864
1219608859981029376
1226335053090783233
1232726296372772865
1224507063168045056
1231203126566408193
1208020611286650880
1207008636842790914
1207017204383932417
1213556300484923397
1213593751425372160
1208067008325181440
1207037113809678340
1207031554389741570
1213565420231438337
1208073557068206081
1207534212766687232
1207066200087388161
1208096513127321600
1212891599312752640
1212865705697316865
1212448414237122560
1212463047069097989
1207680826961485824
1207677830789816325
1212538120576602113
1207092340848021504
1212505334973157378
1207693606787670016
1207066909935579137
1227771774831677446
1212054229487144960
1221624433674158087
1227388160809762817
1207472443540951041
1207611881571209216
1227575798963613696
1227584616367820800
1227634275895402502
1227673764319637504
1227684225534562310
1226979474861891594
1230283862821031937
1208575801261735936
1207088836368572416
1207255982985887745
1207861024831025153
1207883298434928641
1212944839098155010
1207139483000492032
1212996322636259328
1213016797554892800
1213026331581190144
1213041085871726592
1207110954829459456
1213512128465981443
1207718681297465345
1220707658019352577
1207458606683213825
1208579644934545408
1219326610941390849
1219436252329578498
1208395350593212419
1206390060968554496
1219926579104665600
1220159711187820545
1211048493609033728
1206384143787016193
1206321262630494209
1220548009982865413
1220722669340983297
1211070577303261184
1210379275347648512
1221090608661573633
1221233600374415360
1219707189859930112
1213673856768053258
1208364180673310722
1211522608820375552
1206947314952294400
1211771635927257088
1227323747624984577
1206935731907825664
1217811330821959681
1206552151855652870
1212542443079585792
1207314315453304832
1207818826802507778
1207712672550211584
1212593603102597120
1212587057383645184
1212602693010763777
1207448104192159744
1212155376319320066
1207407190103003136
1207768022318014464
1212816819871989760
1207321742504579072
1207306204680245248
1214386104452796418
1207296701645643777
1212555502690938882
1211053694525083648
1208110836339875842
1211761307525013505
1208393651338039296
1214323476150005762
1206585551400456192
1214372015756500998
1208431359963934720
1214386551809101825
1227370688018878466
1209142563506180096
1227194437740220417
1206262234814582790
1225140022984179712
1225560010907963393
1224066145055059970
1223769182447243267
1206291699401666560
1208613066839117825
1221851205288235011
1221884302570467328
1221926867030216704
1208629591725740032
1206244658382352386
1225578854787448833
1222152166770728960
1222169465804271616
1206208931711930368
1222304563082006529
1224037229921800194
1222332408302899201
1222731530382069760
1222937503826661378
1222950888941203457
1223380377332584451
1223406029213442050
1225574127643303938
1225583846504181760
1223470665916985344
1210932162683449351
1213837105366994945
1253626860593917953
1209062835994664961
1224312588252610561
1224393365225197568
1224463408776536065
1224470080144265217
1224540473127206912
1224572274268831744
1224706493129338881
1209102127957774337
1225040857272856577
1225530635890184193
1225052594583867395
1225067101502758913
1208962144819130370
1225083094463655936
1205333429149163521
1225248216200994816
1205335432294289408
1225373601911779328
1225377839278632967
1209143268287623168
1225492259128430594
1205650973554855938
1223576756491358209
1227099842402492418
1205082119543967744
1230097456764985348
1202404139331969025
1230190759598530561
1230249811644944386
1230284702793293824
1229202747297292288
1225603785638240256
1227790406907199488
1227759813158981633
1210921983036346368
1225945043598532608
1229649570747027457
1225958377408417793
1226183310348636160
1204763735371517952
1209210442721251329
1209225153231634434
1226303589120958464
1202067066427236353
1202074832726351873
1226895481206382592
1202233459256832000
1226922993873453056
1229907879802605568
1229611318916706305
1223603146636898306
1210773868115185666
1223609731534794753
1208943463879905282
1223692887248048129
1222390675406295041
1221633523506794496
1205282857331122177
1205261592306364416
1227946907470893057
1202239263695364096
1210790640730042368
1228046144619646982
1228376199149367297
1229507097680908292
1228434869706948609
1228459359455371264
1228505380923346945
1229048523326459905
1229105290827771906
1229121833645072392
1227954612440850433
1202358092920426497
1202361784318988288
1229251211544735746
1229510198026477568
1206922608773648385
1207014132580585477
1211773487020331009
1232478648352985090
1204696820871520258
1202559804188897280
1232133833476247553
1204688654121263110
1230624091939323904
1210658650181832704
1203353467995205632
1232401505916944385
1230365166598074368
1232446784347070466
1232162852905062400
1245469648071598086
1202577222751666176
1231895680299491330
1234935437665472517
1231095940066533376
1230608726110986240
1210720094885597190
1245782319144763397
1202915777315328002
1202932143288135680
1231279160661860352
1231864386484088832
1230852169072627714
1230505719578931200
1203021973862985730
1236977450879455233
1238210458227744773
1236830996017942528
1210223077147189248
1210220050457792513
1210568310703710209
1238079328283394049
1236844915440697348
1210242606032195585
1204457188078559232
1236890230780723200
1236908058825154560
1204458601915592707
1209495217684000771
1210238381319446528
1237056691813965829
1238134142673420290
1237090171394445313
1236844117931556864
1235004356702937088
1235335664230641664
1232318885136867329
1204710307685445632
1245475225007009793
1231950470761078784
1202958202519900160
1209659984818163714
1236768491375558656
1210638760792248320
1233749885385629696
1233809938612445184
1233156415738535937
1203494852954132481
1232654877999947776
1230743512779374592
1203619372436209665
1232679585646596097
1251992703811948548
1251901581953507328
1252670038492012544
1234921969860083713
1231062006981185536
1203762492964519941
1233456966435065856
1251582698679926785
1230703661652643840
1230339622208704513
1233481370493734912
1246395977797378049
1203791801439657988
1252628445210849281
1208143742328291334
1251673936573739015
1234843379923591169
1204718799003508737
1246755251627196416
1203103976134197248
1231721712900853760
1230549686999646214
1231732266277253120
1231772726257422336
1245554648183910401
1210310362270228481
1210708566782496768
1210311836354174982
1233806901420462084
1233897368317308929
1209924019887263748
1230599410805071884
1245094380765143041
1233967596602449920
1244987282173710343
1234559732591087617
1203440296085905410
1204035069339406337
1234604418030546945
1230322204438679553
1244812136934711297
1234619483785977863
1244784150420303873
1204436674186563586
1209617936916332544
1236772724237914114
1210605649371025408
1210600402342694912
1204313895298576384
1204356859269922816
1238336475940425728
1210019226972491777
1236367133447249921
1209990789780189184
1210602225501949953
1204561782225813504
1204383425102307329
1210283610072342528
1238333962700886018
1236615731674046464
1236623292313853952
1210054861863235584
1236664438587080707
1236663997115568129
1236663783415779335
1210046560119205888
1236678869740126208
1204231317132591105
1235715344037220352
1204078249531387905
1204269223486410752
1235930216364732416
1235228342649049090
1208217617246195712
1211736583868702721
1213853780028116993
1210228589163094017
1206778945221345281
1208165129868718080
1208368189173895169
1206766003922837504
1213968403519754240
1213981825468715008
1213974266422673408
1213995184532443136
1206697578940837888
1235931177753731075
1214044358426726400
1214040612145713152
1206643101823045633
1214214589090586627
1208369555711676416
1206612666963447810
1213925998468710400
1230307537129541632
1227395850156072961
1212405621896683520
1204239693732286464
1210380933196648448
1213896737431138306
1239763246225244161
1237733779889950720
1237252763567951872
1237947449395863553
1210402554380722176
1237916994890018822
1237888826866974721
1204501715757731841
1204470554830393345
1210461975999864833
1237764605453176832
1237747954133450752
1204519034395463681
1237449640099876864
1237191126974697472
1237448356269604866
1204519634432647173
1237472675083231232
1204533951181799424
1237577063374024704
1237404856035532800
1238239745660063745
1237117715573288962
1236743399031611393
1235254295198666752
1238233649465737216
1237235413091303424
1238134343480102915
1210525814451834881
1209976638353674241
1204160161973198848
1237974844404314112
1235283403890741248
1235314005117415427
1210428827253592065
1235570075249152000
1210283581563637765
1210315959715745794
1235607671857754112
1235624380786528264
1204633066846720000
1239370712214798341
1235568214769364999
1235633202242506753
1238056837162942467
1230304759497863169
1204640877358006272
1236717378781810690
1210407292841201669
1204566652823621632
1235648835483037699
1204223392510963712
1204585038806945792