1205895318212136961
1206646560618094594
1205639421028130818
1206924747013066752
1205857807834263557
1206727047512576005
1205621070457376768
1213870892138323970
1205642520350396417
1206115568216092672
1214333547928006663
1208008777959694336
1210613743668858881
1208514978292142083
1214512598336622593
1207303182088622081
1213190853604368384
1207289550126620674
1211237059807121409
1205805374839894016
1208165375403278336
1210255386030292992
1204805270251212800
1210290058558869505
1209451310371819520
1210186232988413953
1205401211429687296
1210479790760873984
1210283679303503872
1210016771815686146
1208808202948808704
1206517338889170945
1209195058504880135
1209047709711249409
1210179499964452864
1214811559022809088
1205400804703780865
1205404457632227330
1210522802887053312
1210543452708048896
1210538211895914497
1210561917582028801
1210576329021804545
1210659527764393984
1205392150478934016
1219695124189310976
1210928566852079617
1210219235311575041
1211033429640404993
1210174449032552448
1208778182062678016
1227957824178749442
1213717748938919936
1206861434950443009
1205566536330698758
1227244424029040640
1207428640843190278
1207683955044032514
1207684229657706502
1208295809130926080
1210189316011507713
1210189709638602754
1210190229266714629
1210193848380674048
1206760874461073409
1206929492150755328
1210213301898141696
1211362511833960448
1207465573078228994
1210204801843302400
1208234220298145792
1213371530199126021
1213192850013392896
1226956445251448832
1228681393401729026
1208477038732034048
1207765486433439748
1213526499736903681
1211068046497988609
1211554736392019969
1221550089581342721
1207388753091842050
1238929240818581506
1238925677400817664
1239093049344561152
1239174699935989760
1208099814971494410
1218708512253059072
1214916449816469507
1214916803224375296
1239842914068545542
1214923271965204481
1208815723608465408
1214791584786595841
1214908861150314499
1233795339318108160
1214663957958537218
1214808825997463552
1209934659611746310
1214690022462574592
1209413754716327936
1207697681373634562
1209917726170451972
1214798072229879808
1214890789484072960
1233844226292637696
1218852430663888896
1214908653465198592
1221910820243808256
1214897969994051586
1221986470694653952
1211188676170067968
1206067507662077952
1206280284167196677
1206306793699323906
1212666093027901441
1214872408097804288
1214864162628755456
1214931052378152960
1214908252540018688
1206276422932795392
1214898687635263489
1209150206006243331
1214629407815557120
1214900528712429568
1234570452057677824
1208474952103534592
1208381337478029312
1208196323880718336
1214905378821029888
1236045048724234240
1208152002905223168
1208121461799555072
1238073670242893825
1206219999939051521
1224975575376375808
1205562276075442176
1207225035225796608
1208023032436002816
1205626622843465729
1214931560773931009
1208001607436324864
1221351692249313281
1221508658401509376
1207930944478466048
1214937343515340801
1207287860979752960
1207064565193887744
1207282278445002753
1207224884000120834
1214930094084493314
1222165485699190784
1214946116468379653
1214946159611072512
1213903859137036289
1224292183563472896
1214947943578525699
1207198932805271555
1207182447319891970
1207093177225793536
1207078869985087488
1206894910948950016
1207395232620457984
1218913237950980096
1205423404783984640
1207031525000257536
1206523042937147392
1207015329584623616
1206985887571161091
1207001425735233536
1206979648724361216
1214955083106045952
1222947766021902339
1214955877117177856
1205170065399791616
1214956075331543041
1205150270931509248
1206970123380314113
1214928355662991363
1206962777576869889
1206959431176671233
1206950397442764800
1238807636365246465
1206939864660398088
1205074805575364608
1223562826427633665
1207030025373077505
1214947493005402115
1207047722857054208
1214937672592035840
1238564983518175239
1206927864723058689
1205593422062608385
1205483957317492741
1205922828870127622
1224349612800139265
1206642168280031234
1205429827957874688
1238762630224973824
1206723841160028160
1205402434182496261
1206699691209084930
1206699282742599682
1205457064845287424
1206678397335883776
1210489913969389568
1205640465674113029
1206657958014308354
1204996431884537856
1206634047725805568
1206117819202580480
1206632603782131719
1205502470706925569
1205502891802398721
1238462225255469056
1213821441113767936
1238463530178957312
1227694783226884096
1205528495943757827
1237796132257968128
1210462049098178560
1208309420066852864
1237689197164724226
1205890744852066306
1205881899010449408
1205619736320651265
1205853631708356608
1205838847252324352
1205831481089769473
1205813059610128384
1237733366826504193
1205800610831962113
1205779177317830656
1205778813831000065
1205591628469198856
1205768373654695937
1209076319457288192
1205589722799788033
1205663963620560897
1205616839419744261
1205612670868770821
1205617554473062400
1205663694195167235
1237087918684061697
1205601652201443328
1205599902748860418
1237313339497369606
1206726423794376705
1207770456532684810
1204825007941177346
1208762606565113863
1207788662701854720
1206804740685860864
1207724665696899073
1207768159169720320
1207745845900251136
1207744949640474627
1207707020650065923
1207693005244829703
1207703325665366016
1205023124368048128
1208657900471754753
1205037954894376961
1205049507064549377
1205023992362471424
1205048988879249409
1205056124506034176
1207681594900783106
1205058331133513728
1205054759008423937
1205052061219540992
1205051284639891456
1205050379928403968
1205044274552856576
1205024003297026049
1205007107562573824
1205038189280407553
1205033613793931266
1205031572262588416
1205031443178643456
1205030732038574080
1205030236401913856
1207683799502467072
1206517649963966464
1207677621129101312
1205537307216031744
1205528607549992961
1206305322723401731
1206317891001495553
1206355822340653056
1206516645319106560
1206521752840540161
1206737397628600321
1205434590158036993
1207632635696164864
1207615235647037440
1207216051035025415
1207214966996193280
1207209261366992897
1204917056640028672
1207195733465686017
1205531599816802304
1208386620812079105
1207667737121710080
1207472249688805376
1207659732804218880
1207647279286493185
1207639572554891265
1207637232267472896
1207686432527130629
1207636410334896128
1208460988120469505
1205401731078770688
1205381093060427777
1205397930078875648
1205396419064020992
1205393597694124032
1205393372179050496
1205390917957500929
1205390508039819271
1205386197788442624
1205012791029051398
1205130084820176903
1205066421014876160
1205108858051538944
1205132018515947520
1205128852130979840
1205123619740893184
1205117990250958848
1205112937519681536
1205109979956551680
1205097913103323136
1205133680559239168
1205130423061405696
1205095229533118465
1205223272079646723
1205270911840129026
1206701654537572352
1206690628752543745
1206684595011362816
1205220276289626112
1205141471021678592
1206532756500561920
1214100463601291266
1207077241705947139
1214252241772785665
1213842928499597313
1213840537024942080
1214259380658606080
1214230876764147712
1213848474711707649
1210530220526178304
1205149459690246150
1212645740813660162
1205215297478778880
1205214322387013632
1205201706889465857
1205169853595828225
1205168416082071557
1205164631955775488
1206677968321490951
1206370724866338816
1204887988238528516
1204888897748164609
1204896377454637058
1204895456045625345
1204894921599131648
1204892683182968835
1204892533702242305
1204916027601117184
1204886453098033153
1204903498896285701
1204886263955906561
1204883894341980162
1204878719569006593
1204875657102147586
1204865627036508172
1204829067293290501
1204826104856494080
1204900688687484930
1204915413546622976
1205870059794632704
1205436531248418817
1205851374535229441
1205821526127337474
1205250607562592256
1205606730966740993
1205510888565936129
1205495706733158400
1205481281007558656
1205434125248806912
1204915649610420225
1205397292695654400
1205367203157151745
1205273233043476481
1205599012193210368
1206724898384732160
1205084395679432704
1205058757677527040
1207086186977726466
1212025581728124934
1207072098339962880
1211763831799762949
1212445657434333184
1212455326869524481
1212477499302711296
1212465494390910978
1212644439673524224
1212183183917277184
1212069413333209089
1212340681949241346
1212037333194825730
1211755555892670465
1211751941342220288
1211747266320642048
1211744711934918658
1211798279584976903
1211852467689967616
1212423013938999297
1212256480503554048
1211919031814541313
1212076638197829641
1211052684859625473
1211050864804319232
1210996830571503616
1210877383206678528
1211771364048297985
1211761388659597312
1212061838344626178
1212075774599147521
1212185204997181440
1212103655299657729
1212144001865916416
1212140922231808001
1212137888445554690
1212133235574083589
1212132290173767687
1212068507753615360
1211919707072274432
1211927781392756736
1211043440001273859
1208372814010572800
1208177775431094273
1208234029042061312
1208081260171710465
1208264626829348864
1208322886940971008
1208380304827793409
1208414250114396161
1208186647071854593
1208418078767374337
1208444887319949312
1208534700857470977
1208634000794963969
1208257217268465664
1208783167911596034
1208081530750472192
1208183088305594368
1208165952816238592
1212030707196977153
1212013937748774920
1211922912787255296
1211980196850601984
1211986017504387072
1212009739959312384
1214274739310493696
1212025373501935618
1212018977498681346
1212037745872388096
1208087143882592257
1211964018023374848
1204805541362581504
1210859622392877056
1210824415585267713
1208071527054401540
1208089395561160704
1208088613298360320
1211037553140404225
1211024596591403008
1207059606419202053
1207343120058376192
1207428896100159489
1207412149213106183
1207401360716640260
1207382820655706118
1207234854838001665
1207380621938642945
1207338371493847040
1207485426765877253
1207319662058463238
1207309106228453376
1207278011751522304
1207261157435871233
1207259416724156416
1207257680085159936
1207373394519437312
1207439323043389445
1207547356155170816
1204815175867604992
1206886558135201803
1207042223310884866
1207227483621343232
1207040612857470982
1207006258227826690
1206975217702260739
1206927939855699968
1206897456686010369
1206846853221928960
1207592676465479680
1206836917519687680
1206825967223803904
1207021953510445061
1207626686033989634
1207227877365886976
1207239126640209920
1207613351548932097
1205402854611193858
1204803611215220737
1211026852476788736
1210930480713027584
1211089022573072385
1211068873648283648
1210868100838678529
1210866454070988801
1210882707267436544
1210934060949880837
1210930390057312261
1211316664802914305
1210926884671959046
1210924712794169344
1210939808983461890
1211063787236798468
1210970427734024192
1210995559072489473
1210994430481698822
1211773072543494144
1211723928781099009
1211425119723294721
1211359566472122371
1211411222731599875
1211394232818253824
1211388726456311808
1211377897782546437
1211375867290632192
1211364687050412034
1211360300232060928
1211427357384462344
1211725336838361089
1211341423573909504
1211295959487074319
1211597867716108288
1211628361052753920
1211689936891629568
1211721024435367937
1211731492545716224
1213844600596697088
1214037656914579456
1213847003312087040
1213095778421551105
1213041656045428736
1213039201823969280
1213064974404407296
1213030005858603008
1213064300648116224
1213074018401689600
1213093354134786048
1213022392366305280
1213091448956080128
1213098761637056513
1213474174301343744
1213469008093167621
1213458140462829568
1213077873155887104
1212870871641137153
1213044333546475526
1213022955418128384
1213011156379611136
1212792904537772035
1212758389513707520
1212772865214472193
1214862833915236352
1212769399234613250
1214902051550961664
1214911441419096070
1212792385824014337
1214351453218836482
1212807791343284224
1212778362894274561
1213455550459138048
1212842071188480007
1212869108896870401
1213026460572753922
1213026389965844480
1213033343266230273
1212866973534752770
1212759724627832832
1214189747540779010
1213746992809156614
1213920536096624640
1213917061094821888
1214188631184805888
1213913667328204801
1213942720210841601
1213940769939238917
1213754872522330113
1213938413373730818
1213935755455868929
1213921317461909504
1213935606918762500
1213929739234226178
1213956993372827653
1213956507118841857
1213818654342729730
1212991621006004224
1214419131560316928
1213758201793040385
1212863330643259392
1212856632960524289
1212856307495116800
1212879074294673409
1214422839157252102
1212888669666844672
1212912653368283136
1212908676941537280
1213013841765900288
1212989105556119554
1212977735162880001
1213006390295506944
1213021121991327744
1213017839143133184
1213016173568241664
1213014714424463361
1212804306971308039
1214860215071457280
1213954675172618241
1213537390289195008
1213546497389793280
1214333690375032834
1213539283455422464
1213548644844085248
1213524521057234944
1213534054840229893
1213328129055502336
1213539863175290882
1213534109567537154
1213534176298835970
1213535652576419840
1213563986463068160
1213566108613124096
1214335616873377798
1213535117106434060
1213545653244219392
1213542533785161728
1213593770924630019
1214360108177723392
1213373653188009984
1214306400333160449
1213413533326729216
1213386745435344898
1214352321234264064
1213736963024605184
1213393984749473792
1213746495666696193
1213540058571120646
1213739084201508864
1213436301531373568
1213409713381093376
1213436219989929987
1213540508250918912
1213637076211638274
1213294755356053505
1213256016005156864
1213581152457576449
1212763618057560064
1212845528486158341
1212854642268356608
1214440341471928321
1212852718815068162
1212849162661830674
1212848825473200128
1212840455559372800
1212804154227396608
1212830358581993472
1212805549278011392
1212694676865716227
1214849381947629569
1212713731878195200
1212712982519668736
1212743234654494725
1212765493695787009
1212827419943591937
1212839010122506248
1213541321656410112
1212824227365228545
1213721528073965570
1213535890179547136
1214347570547449856
1213033719373684738
1213458034321756161
1214918737985495040
1212825844785336320
1212821788201299975
1212839735363805189
1212821531237244929
1214922433628651520
1212815647601840132
1212813981703983104
1212812883643514882
1212801195468840961
1212810970973822980
1213955723773788162
1214193634679148544
1213849888905187328
1213771907864158208
1213776488350265345
1214313918820208641
1213775987554574338
1213775823569862657
1213772294612492290
1214300941329084416
1213771861374459904
1213782924602068992
1214275682999648260
1213771830957420544
1213768994697744384
1213768790581923840
1213767864144089093
1213767019302211585
1213766265170530304
1213776631459958785
1213778445676826624
1213792110568230912
1213817273909166081
1213793837614817280
1213820130876112897
1213818788363280384
1214121382604357632
1213818497450557440
1213805834779672578
1213817856212832261
1213817252253974529
1214284308812369920
1213815320936357890
1213815207778230274
1213813916339462144
1213813571479621632
1213835066213912576
1213834655369191424
1213817785702342658
1213765484870549505
1213786895718797312
1213796760008757249
1213830114162696192
1214218197366398977
1213909664859086848
1213895925539778560
1213832504517517319
1214241256265732098
1214236081597665282
1213828774661435392
1213911555114450945
1214263816919429121
1213827690232532993
1213826188654841857
1213824723345391616
1213822722226237440
1213851680380469248
1213857054542245888
1213910124651253762
1213912500938387456
1213771750758109184
1213853862299406336
1213908532355096577
1213833109030002691
1213831073588797446
1213855960806182914
1213855873266831362
1213855860570632192
1213854555932377088
1213877710319226881
1213886359422881794
1214215550588637189
1213877434577231872
1213876976433455106
1213856461475856384
1213897305910390789
1213895415348781056
1214216722942775297
1214276628483842053
1213797626178605061
1214194504145788933
1214198464495726592
1214186373827235841
1213925677919019008
1213924581783801867
1213924067482505216
1214213627915489280
1213906620683608064
1214182280375218176
1213898137200447488
1214004684530294786
1214024387424378880
1204802866633945089
1214127768025387008
1214055377622450176
1214128117905788928
1214130488052502528
1213926975976464384
1213898313059229702
1214136057219952640
1214219810093043713
1213952978392141831
1213935083511590913
1214197930686636033
1213922893727457280
1213923872543825922
1213905079549546497
1213904331277295617
1213903719349260295
1213898767075807235
1214221673634914304
1212698016072773633
1214201155380817926
1213903187381571586
1214204452565127168
1214188336128110594
1213902413159112705
1214130975053090816
1214013633509896192
1213797999836647425
1213985280824360968
1213969288639500288
1214125139480260609
1214165571857727491
1214167952565710850
1213964275695472641
1213962000847560710
1213981788676280320
1214156201136730114
1213976301595480065
1213996379028312071
1214148090648772609
1213964661969821696
1213752816818380802
1214219251361484802
1214218661306732545
1214160811305947137
1213972620162555904
1214138889776062464
1214117694544515073
1214070337987629056
1214085849018703872
1214113498088771584
1214109371170525185
1214108840960106497
1214108787713462273
1214107926530600962
1214139415955673088
1213943237204992001
1213951227593154568
1213989402214633472
1213989634813890563
1213949290189590534
1213947873462751232
1214184604334219266
1213943676935651329
1208064096723197954
1210671858225467392
1204784831923736578
1207215257980211204
1214930740955234309
1214930666774835210
1214935486168518662
1210431098452422656
1214175354551775232
1210381507975626754
1207204678544625664
1214931971631013889
1207119502556749824
1207066564312420352
1207006798009585664
1207003595176103937
1206979371522805760
1207217875817259008
1206977873510309891
1214931616713318400
1214933350076604418
1206901644828520448
1214944278075625475
1214909344585846785
1204773050132115456
1214927591842439171
1214929252241551364
1214945784581496833
1214945318791348224
1214944038345949184
1214934077423439875
1214940597741600772
1214940532260126720
1214939583177265153
1214938027715420168
1214928066625052672
1214937275643170817
1214934408123371520
1206930917505277952
1206873681038893056
1214904673469157377
1205918234798678019
1207349733158772740
1207344672097685504
1239689500562989056
1235677947056582662
1206713543980175361
1206684831821783040
1205898091058126849
1207358943523221505
1205808168930041858
1205770963511599110
1205770729503023106
1205747758650548225
1205747664467480577
1205920973008097287
1205743061122342912
1207351749251682307
1207370236988706816
1206863235510677505
1235838536537923586
1206830675422261248
1206808582165028865
1206786570449231873
1206977325310599168
1206743988004442112
1207253936119406592
1207327566182436864
1235981435170959365
1207395300593295362
1236298229291069442
1236797618627457025
1237356654196293633
1238482148031692805
1239471048590069760
1207318468384690176
1239610333968375808
1214903887498530818
1214906386817175553
1205697759283761155
1214952145377800193
1214954254307405827
1214953880246730752
1214952757226037249
1214952679065161733
1214960592240467969
1214952307886088193
1214951941622706176
1214956417183911936
1214951332370616321
1214951295666122752
1214950038201229313
1214949816238784512
1214948808834109441
1214948146838720515
1214952193708691456
1214954754134216704
1214959697070981120
1214960864148758536
1229489224287735811
1225074942686957568
1225350661338017792
1225442400207810560
1232639759153057792
1226187084504993793
1229001923661062149
1229059780657995782
1230058478917554176
1214960531582275584
1230873039300112386
1231172307961499651
1231540504506097674
1226471296294359040
1238518032265338880
1214901734256062464
1214903618983227392
1214947973966155776
1238859986480046083
1214906852481175552
1214913498871930887
1214947025688633346
1214926436643020805
1214922521293807616
1214914462412681216
1214914455672442881
1214914104663691266
1214912935363002370
1214902365465264128
1214912866190548998
1214927108088221697
1214912570668261377
1214908651376455680
1214907838927126528
1214907338769027072
1214906992873156610
1214947948385013760
1238770763005669376
1238539150640455680
1238797543338901511
1238535014234697730
1238543427387699200
1238542975430516744
1238566269076615172
1238588135451373568
1238630937077985281
1238758478073810944
1238755831904165890
1238871919782477824
1239147077206228994
1239118362854273024
1239109238988783616
1239108118904274944
1238978601657208832
1238904847526658048
1238886025969184768
1205735027167911937
1205691418292834304
1221755214644072449
1210211213864525826
1205635668774412288
1206660549993533440
1209948750095028228
1208149249227141120
1210257933898067973
1205465465205735424
1205590788220084224
1230737111612940289
1210232452960210953
1208311324700237825
1210239098688098304
1205587837141356546
1205586872950493184
1210210179704410112
1204820117336526848
1229419651257577474
1230636880598884352
1205585059618738176
1228736493977579526
1233871757720870914
1228235155199819778
1231337841537495043
1230904698431057920
1228444305976709121
1228471751711117314
1228590991625551873
1228815935613652992
1230453353899003905
1229151329169350656
1229148592256028673
1231203925220524032
1229222196968595457
1229457165305438209
1230275015360352257
1230421051273859072
1204768141303304192
1205582460978900992
1234215596264448010
1205605824015544320
1205619529558216707
1205264442415570944
1209935243035258882
1207995912913653768
1209477283599269888
1205594382482726912
1210213486690738177
1210308453203402752
1210264176855339009
1205438442051686402
1210260991038148609
1210288496100941825
1205593215585394688
1205501866907504642
1210288463569920002
1208041132720099328
1205231219320987653
1205567231188447232
1205056723024830464
1205489373686489090
1205149060581281792
1204841539878428672
1205495917522116609
1205519542820233217
1208525861474971649
1204844246546694151
1210209350695997441
1210343648606539781
1205500102413930496
1205179580866322437
1209205567337762818
1210271371416231937
1210269614342656001
1210183366890405888
1209955566128369669
1234262740555964423
1234196968345391104
1205686701412290560
1221533285886693376
1206183211572830208
1206588123536412672
1205649327911256065
1235684296834285568
1234760547280793605
1221479486753050624
1221820692779470849
1206192448248131585
1222128421100249089
1222658034612215808
1222964858536321024
1223999537657806848
1221177262021795840
1224693799932321793
1224938281198063617
1206186654022721542
1206208190209298433
1225383868800413697
1206666110214508545
1205679791887835137
1205659916322652160
1205739669536878592
1206686293750669314
1205952517567401989
1206162463630221317
1206676087373205504
1206647898617843714
1206323918639960064
1206647548045340674
1206635882662563841
1206633081798565890
1206614526428360704
1206012777258790913
1206602519880843267
1206558774938521601
1225013314117345285
1227599770413342720
1234149255570477059
1233133225997996033
1217770386730954752
1235657226284666881
1228083661813276677
1228424381241733121
1233018624610381824
1233108211227557889
1233293151282061312
1220572950056898566
1233365745200922626
1233426018666516480
1233749678702972928
1232152362246115331
1233762970221629442
1233906854713008129
1233991883573092352
1220763086887493632
1220436790261243904
1227614956654333952
1214803579879534592
1227635255693205505
1224779675416907778
1227707289710276608
1221170030911672321
1221104348392034304
1214828347085217792
1214818619227594752
1217733842519445504
1220404988700176384
1217720735927500800
1217090839249346561
1217085377732907009
1221123654605471744
1217772226021351424
1217798237396045824
1218611080529924098
1224096410183839746
1214947165325451270
1221488620391030786
1231610134549422088
1230213092061085696
1230567714403438594
1230591463462985728
1230649671112110081
1231016099174649857
1231457217091657729
1231965285894238208
1232183755089072128
1229814240195858432
1227210571919118337
1237714592635240448
1237739622425337868
1238067487733841920
1238085315002355714
1238084917713567745
1229172846498320384
1229061585693552640
1238185630238216205
1237717846077079553
1237289123737722880
1237482005345992704
1237497887317209093
1237486412020277260
1237720302928396288
1237069802725945344
1233335607721680896
1228884230354219008
1232037761177325573
1227202250638024704
1227239089243480064
1227261185621405697
1227334229828173831
1227579177051860992
1227702194847330304
1238130905027354630
1238232078266830849
1237109496914292737
1237793020315140097
1237743611422412800
1237764658485919746
1237761044291993603
1238001584438730753
1237782119096758272
1237798262867968000
1237785759496667136
1237753716163444738
1237813394343972880
1237841177321197576
1237852419263852560
1237875540402434053
1237863377004687361
1237781204881018881
1238480743266951172
1237748176972591105
1237754424988176386
1238462424627523587
1238473127950200834
1238462088269438977
1238055207554121728
1238461143775154176
1238480012640243713
1238479653544869888
1238475604086972417
1238475304068358144
1238470548981796866
1237727690238590976
1238470226829889545
1238494645392416770
1238459464640016386
1237713460634562560
1238029412022575104
1237890307179425792
1237731883775143952
1237125658624614401
1237067781293707265
1226917665916280833
1210562420206440448
1210504071968411648
1214843446411898882
1210527687250468864
1210543736679211009
1210562920695947268
1210562542214483968
1210561355490697220
1208796650271055873
1210557626897092608
1210498848055017473
1210557525818593282
1210553971858923521
1210553199117123584
1210633039035981824
1210632137055068161
1209117118211514373
1210843079588171776
1210624088986787846
1207949917299396608
1207806797651881985
1207801292187471873
1207798347303706630
1207903476904316929
1207893502509617153
1207917324382220289
1208084139540459521
1207968547751780352
1207968560435388416
1208022277901697024
1208019323752726528
1208014783456448512
1208029329516646400
1208045227359002624
1208044302955405314
1208040661905268736
1210630030340116480
1210673671238492160
1236832887569289222
1233659376231157760
1210283961135566848
1210450015510024192
1209833390721163265
1214837981510610956
1212660159799025664
1214833290974244864
1234500406966935553
1210243837928656897
1234958307019968512
1235303793073549314
1235489705678065664
1220063581217206275
1235686614317363201
1236607855404384258
1233416250782515200
1210244996638629894
1210221672932003843
1210556626413015043
1209402943130214400
1208812139655376896
1210472724956532738
1210445757200900096
1209168882516279299
1209228091148644353
1209249504710582273
1209403015511318528
1209432155086106624
1210139143067578371
1209624239176851457
1209614693561753601
1209641078002999297
1210458208592109568
1209711573771653120
1209952483474333696
1209990838769598465
1227156352444911616
1235551255440875523
1213191397873987584
1214851529989087232
1214859365016129537
1214859233424003072
1214856246714601472
1214854130533044224
1214853736641781760
1214864544612470784
1214876817930231809
1214860572715565056
1214880342882029573
1214899245368696832
1214899185365004288
1214898493858439168
1214897631555702784
1214897214377668608
1214896125146214402
1214860231781552129
1214862265398243328
1214893589605617664
1214874449524199424
1221583911022735365
1222415558781607936
1222500713294680064
1220494715537297408
1210460497692241920
1238509637000970245
1238513669669097478
1214873675599618048
1214865160801849344
1214873157057822722
1214872406134792192
1214871973895065600
1214871863731597312
1214870854909284352
1214870365517877248
1214875674990776320
1214894938636374016
1214890912901484544
1221351712499388416
1239198669913677827
1237542295940943872
1237833104355713026
1237885904628269056
1238220311889432577
1238389964360081408
1238959951034241026
1239195732604850176
1237299880298766336
1239194983346864128
1237658795125415936
1214848136100925441
1233539829545259008
1231561983213940736
1213176076450639872
1219784138267471873
1234292101103394817
1237170166225485824
1214889447264788488
1214890183319011328
1214888835156459521
1214887389967134720
1214886486035894277
1214884987486572545
1214884349075689477
1214882932655046656
1214881270565617664
1214901207443087363
1236637162508091392
1214851407876108288
1214846242456510465
1234988813019041792
1235424009543512069
1235657519789469702
1236569139310886912
1236619830683451398
1221567160113418241
1214878294274916352
1220809312785915904
1211054098289713152
1210470630493020160
1210514562501492736
1210669869085134849
1210688499965399040
1210974069539127296
1211030837497663488
1211075669876195328
1214637693889634305
1213464820697223168
1211377153780146179
1211242853202112513
1211227527680843776
1211179196334137344
1211144923636019201
1212797384373260288
1213433899721875457
1214211948277116934
1213506006040403969
1213382762192949248
1213522682609885184
1213608977327677442
1220705539077890057
1213749810983063553
1214144020571660288
1214158188565712901
1214837780620234752
1214192073085214720
1214643657778831361
1214338942637621249
1214922830938284033
1214839023686082560
1214807681665552390
1214769977988919298
1214686055061958658
1214685407562076162
1212850419451531265
1213474267901378565
1213501206917779457
1214512543223422976
1226828771476561921
1226863381170282496
1226926106617487360
1225317425874456578
1222556106347700224
1222543624627531778
1214597210207326208
1217541172048138241
1225570596525936641
1217180870601269255
1217123608193064960
1216789954078150658
1218921573878566913
1218712171183575042
1222537107564089355
1219690045042544640
1226546766188875781
1214613963150962688
1225519336196059148
1224280754517172224
1211293918148669440
1226973051734151172
1214636567786074122
1214603008509652992
1223266162085113857
1223375271425970176
1224081049317232641
1223576210854305797
1224331576500199425
1224921894308192257
1225004008521306113
1222806987420897280
1225144408368144384
1225443257322262529
1225522302395265034
1205461111761522688
1213007880867196928
1224639875145785348
1218898945939845120
1218875750033645568
1218872482310041600
1218853878378135552
1208173920840536064
1224617165552279553
1222848260987084804
1223234119590608896
1223270583418413057
1223405042952298496
1223535285012762625
1213387242800062466
1224612542087155712
1213021196779958272
1211122118198530048
1214933849836326913
1211384461255942145
1214930774811652099
1214936653770448897
1224722252731686912
1214023854491947008
1214935420376637440
1214933488203390976
1214932400142213122
1214932214166806528
1214931737253416972
1214930252440453121
1208107966639038464
1214929305068855296
1214929120502648832
1214928813748113409
1214933656243978240
1214913477623582720
1238474924659965959
1206793974297563136
1214243060315574273
1213040317127176192
1206667118181330946
1208196613216374785
1213815884831215623
1204903693327437829
1224788045746122758
1225179130028838912
1213781179691884544
1208031732819267584
1208010581841715201
1206563760774828032
1237806890014384128
1213604617017266178
1213814188113571841
1237850760991232004
1237867152989753345
1237660629428830208
1204843930149408768
1238040152666243074
1214937133598871554
1238053291608756224
1211059031458164736
1208870546357858306
1211776476955189254
1212140044124860416
1210357920673804293
1210350114696581125
1212711971197538304
1212332295920771074
1210218369485541383
1210223790413811717
1210228524361093120
1210685549092253696
1212826558441897990
1212765899394109440
1214177483022581760
1212106310348681218
1210205328610074627
1212800120951050240
1210123096541323264
1211948545357598722
1213231492475867146
1214937064594006022
1213899736509497345
1206685246227406848
1213858961180549121
1214943780064890880
1214943529341984768
1214952639231754240
1214942155807940609
1214960956801011714
1238805745690390528
1205000984939896832
1238480610534064128
1205386477112307712
1206937469742125056
1238497193054687232
1238520422586560513
1206947594288685057
1238540309073707009
1238532961563271170
1238567253194530816
1238804719818113027
1214946225524551680
1214948072767315969
1238619525651857415
1214955573931913217
1238125430554722310
1239194852971200512
1214960045273878529
1214957970485915653
1214957096183238659
1214956692888260610
1214956327732006912
1214955463617515520
1213915143064694785
1214954618163269635
1214953179265163265
1207196207602384897
1214953047182520322
1207327697065709571
1213923087428837377
1214949957196820481
1214948956662353920
1238566492154847232
1238645184210010112
1214937815689154561
1214913910614179841
1214918388256067584
1214917813787406341
1214917193856700423
1214916136275468289
1214915818376613888
1214914163950137345
1214913974610911233
1214913902439469057
1214923077399826435
1214918558808977408
1214940893733634050
1214923702380482561
1214926551797653514
1214940495379648518
1214939716933619717
1206524455725481985
1214938583502643207
1214919020606054400
1214919091808550913
1238769615364292608
1214941609823031297
1239134794971262976
1213912840131797000
1238983378210357250
1213909806953762816
1205093662792830976
1238844910847045634
1205038396500062208
1238472516827521024
1213954462001377281
1214919667258712066
1214922855709888523
1214922855282102274
1214922750608977920
1214921623658278917
1214921045645430784
1214920828619542528
1214920673379921921
1214920215265468417
1238070526700068864
1210094221132226561
1238137701255315458
1208295827883667456
1214870376813137920
1214197467996205056
1229528774422777858
1205392776076185606
1214857329121869824
1206989872688500737
1214902522193661953
1207661116391936000
1205546832891432960
1214902817032458240
1237296553402011648
1205400316629438464
1205392865213526017
1206385988517412864
1214904006730043392
1206731863714385920
1214909301858455552
1214882566752362496
1205458536408465410
1214857508021559296
1226607493763272704
1214876137664458753
1214875807786717184
1214872960252751872
1214869128210714624
1214872227931414530
1230808567130750976
1226596181448577026
1214886069193367552
1208732124779597824
1205458993008824321
1214886062042025988
1227866420412928000
1214885786551803906
1214881689689886720
1228124789732184064
1208657512490291201
1214884343614754817
1205394518536806401
1214904530980225024
1205534098305028098
1214900338966302721
1208461652099661824
1208386035702472704
1205389063974469633
1214899382191108096
1214909867103793153
1214900180530728960
1224291576429645825
1214899462830772224
1214912149153300480
1205389997903417344
1214858181479948288
1206516232968704000
1208370314549374976
1214909539818053632
1205400352096473088
1214900595003404294
1238150963220951041
1214911166088142848
1220785113056927744
1207365598298152965
1221378918621511680
1214905272835035136
1238387304206663680
1229850646255411201
1206393318520893441
1207321519782846466
1214906944978206720
1205396752293085184
1214907024401666048
1207304835843928068
1214898994415067143
1214908108004364288
1221076209502773251
1214904546025193473
1214909489498988545
1214852228839886850
1214901787553095680
1214898498392535041
1214912845856608262
1229519135975051264
1214905133823344640
1214878138569756673
1214913449756680192
1205855720794722304
1205863028656357377
1235251533752696832
1205886749743947777
1205969693460312064
1208075633324122112
1230570511975010308
1214956836593577989
1230910763725922304
1212683835432939526
1208590429865668609
1214893027069743104
1208639447232909313
1205993309652635648
1214892263618306049
1214866085972983812
1214867046606880769
1205839385628987395
1230416203883204609
1214867658727923712
1225511484836524034
1238181495971381248
1229155286902083584
1204891095890628608
1238462901230407680
1238010173689602048
1210563878549106689
1213764143259500545
1237147351799730178
1226377553037987840
1237282378084728832
1210466516715618304
1205637824403427329
1226920635550642184
1213539010934640640
1227719846181396486
1228304984556568577
1230049810520121347
1209182819634884608
1208506426945155073
1232325936269406208
1233382016667865088
1208893593836019712
1205384985517154304
1214895677316182019
1234803119353143301
1214894354680156166
1206121644462395392
1214887982395777024
1205963179047751683
1214881223308455936
1205535808146624512
1226076100314517504
1214880263840419842
1214879032824795136
1209238018512568320
1214878952705146886
1230385022290493441
1214867675068940288
1214878711612350464
1214878373056524288
1214895729199788032
1214897785021054976
1235105356268711936
1235843618587283456
1214890698689921024
1214890230693683200
1214868836681424896
1205459627795787783
1231593664557744131
1207644340992053250
1214894354332110853
1234581270908297221
1226176720933445632
1214897507551076357
1235362024206602243
1205386659661000710
1225003069794148353
1214873959029780480
1214896780065816577
1214897225668710400
1214864007171051520