1232656051889201154
1235114738318794756
1234602771162136577
1233791444902711296
1204509022839291904
1233166755155058690
1233021698783563781
1235515671380930562
1235132336297119744
1246501849647263752
1236831276465704960
1237023875646525441
1252005449139978241
1246830682279739392
1204692318986604544
1245550695354417152
1244613995216199681
1239388246351675392
1204648615878307840
1238489895422832645
1204535483583348738
1237866882201337863
1238231212755423232
1236123236938780672
1235264267940745217
1236667418426171393
1236928207154184192
1208858508252401664
1208862507680649216
1208845029248323584
1209629795505623041
1221989097289461760
1207058403962560514
1204343972942041088
1236741343105474560
1236725507951124481
1236411312906829824
1235304411427151876
1236349357361901569
1204571676492648448
1204556198105747457
1235936087664668677
1204555044915421184
1235603513713049601
1235548888460709888
1236787260747636737
1222659110921035777
1235321011488292865
1204542410195382272
1237806437369368576
1225085662661169154
1237765171482935297
1226596201069514753
1227793973059694595
1204475375042084864
1225403755971141632
1204399429190660098
1229564858493960193
1225517569794330624
1230958517097521156
1204359598079016960
1230107073335189504
1204385368843456512
1222827070407036929
1225794565241819141
1204457417926488064
1204501654923436032
1230885086578585605
1226867202428633088
1226243479468171266
1232388898237624321
1204498157528387584
1231688490095718401
1232345076858310662
1204465159185547265
1205517713596207105
1225657678359220227
1227925319602012160
1237719952733417483
1237727250243559431
1237593248643702784
1237565789789511681
1204645203971395584
1237520631723249664
1237479314188374021
1204632812051189760
1237413991070289920
1237405947137536002
1204631341993734144
1237112465076498441
1204507883783827456
1224553856945750016
1235549333476474881
1253378524905439233
1204388974648864769
1225439238684135426
1229488922230689797
1224334597560979456
1229406314025160707
1229208873476775936
1224422824259002368
1224462784118841344
1223926459871506433
1208887370189287426
1211657595313958918
1209099850844975104
1214211522018320386
1212877723229675521
1221123509285531649
1220779681974231042
1220069885654511616
1219299949218881537
1219204964020637696
1209128932534034432
1214388936434429952
1204280199543689216
1204264880578187264
1213898119206854658
1210588371975888897
1204111461695598593
1213871218631303168
1213543478816366592
1213522731968421889
1204247300694040576
1204235956091588613
1213517515651002369
1204234514278387715
1213111637789618177
1204227993700388866
1204105265836167176
1203439486857875456
1204216544194117632
1203489755020660740
1212440934706745345
1212444264103370755
1203895842077335552
1203866616204865541
1203824199917170688
1212082834594312195
1212033142330138624
1203723372049391618
1211698188572332035
1203550719363764224
1211682072223518721
1202624526594592771
1212468699237666818
1203409763167543296
1203377641564315649
1203367790289342464
1203124780402118657
1202995222378139650
1210929424721420288
1202782911155654661
1210672930985779201
1202745357588975617
1202726856627064832
1204225627764789248
1217849826253123587
1212898436456091648
1202182869772312577
1207039438389469184
1206732184809279488
1202564763399663621
1208758798221029378
1208817983847649280
1202382968146161665
1202260746345824256
1202250502005616640
1210281584991051776
1210249903751999488
1210223307242528770
1207001455305068546
1210057374112894977
1213847593744252928
1209975386026717185
1209944539068321792
1205631079262179330
1209690791158910976
1202026252602880003
1209494404492406784
1204900849492869120
1209212445438423041
1207138989913841665
1209975192069574658
1207334283586748418
1206285535867744256
1206926611146256389
1204301014616162304
1210572522875437056
1202402979070001157
1208380560793645056
1208178682617094144
1205898759047131137
1205959738850189315
1205977537505103872
1206234786999783428
1207765529710268434
1205720492692377600
1207649976601522176
1207490165448597506
1207352776335998976
1207415799583039488
1207450239252279299
1207487025823309827
1207510114854297601
1207573312517427200
1208520502383390720
1206545836441821190
1206438102144880641
1204664132911476737
1204258455172919296
1206738574151950336
1205623528776712192
1206570115849953280
1206459467442855936
1204401742072500225
1202081839848075271
1206820532529848320
1207057320884105216
1204471682934747138
1204110871980630023
1204493378374766604
1204481802620063746
1204484985115365378
1206956018674130954
1206236611895320577
1205882530114740227
1206960519292297216
1205661607898079232
1203787576139751424
1205690934802796544
1204644249448267778
1205933551537004545
1204407072449646593
1204413406834331648
1204427236436144129
1206971943083102208
1205939884944429057
1203367372813471745
1204259915327574017
1206369897472770048
1207044685933494273
1207016924892274688
1204366913079562241
1202082822992871427
1227691360129601537
1202230344637992962
1235989424942526467
1207755792750907392
1229882630130339840
1207815285572550656
1225839455313022976
1230833860331606018
1212093412121427970
1237373174767116288
1211062430765371393
1210954565182513153
1210971958873116672
1210986672567046144
1211013518646005760
1211006898251685888
1211040638239748096
1226000840730779653
1235743287874646016
1235039061317836800
1235297634488852486
1212861181112856576
1211580613049946112
1207070487412723712
1211680610827276288
1212532034301833216
1235158686412263425
1211699021343055873
1212398208313368580
1212107336594214913
1211839956160659457
1207743064137195521
1207679586198335495
1234976769528061952
1225127703122268160
1222679254170841088
1237433702604472321
1238993923558854656
1203722612100280324
1208048715048636416
1223256757239152643
1208822525343477760
1224111940949159937
1223313249891950595
1223324091614187520
1208828832993742850
1237518733511462912
1225966984761876480
1207528269572190208
1207661914391810048
1207116228826947584
1207140797457391617
1228513454853632000
1207292441780531200
1227597109035225088
1207383350245244934
1246645092187848710
1207472585828638721
1226530132338380804
1207600597748371456
1207896427566977024
1207636917967298560
1226107859433410560
1210960201882447878
1237538514008342529
1209156391362891776
1204020037209788416
1205256534604812296
1204604108700827656
1202071279962116098
1205296548772491264
1205311131423821825
1204055205316300802
1205497626570952705
1204604352041824257
1203320456817913856
1204611423030128640
1205622045909946369
1205626604711546880
1202070713932374016
1205625557670670336
1205173516435443718
1202348474785828864
1203114407028502529
1202999845277110274
1202956256358612994
1202814755280429056
1202806782206337026
1202771855129677824
1204509092095676417
1204511305618452480
1203480896201867264
1203684003900985344
1202072083418755073
1203697991200231424
1232562873429352449
1205191848958005248
1211705813439537152
1204989173666656257
1210242611212144647
1209152662098325504
1221650544982462464
1209275192138227712
1236719081480491016
1209335204504121344
1214298538114535425
1209455480176889856
1209514282351779840
1214262185385283584
1209511748040040448
1209701730344148992
1210687648379101186
1209894925862608897
1204598414672973824
1210240237731024901
1204700838930849792
1204839524972584961
1210302334296875033
1202044385870929920
1202066616110002181
1204132615986589696
1205254907558866944
1207087968046985225
1210581274802429953
1212954639399817217
1236140858677833728
1210587890683711488
1210410045638356992
1213534564955705344
1206276252409171970
1203620983392931841
1204531953778724871
1211876183807270913
1209359981822263296
1205327439326515201
1212004407124082688
1207511527399387136
1207165734176075776
1207268368367181824
1207313695770075136
1207329754531192834
1206929046719942657
1204672802227412993
1211030886621286404
1206599348148166656
1206453700119715840
1203492733370785792
1210481836159356928
1204564693169385473
1210004072713068545
1204496193205739522
1236528862256824320
1205137104554119169
1209471162754961408
1236682986365440004
1207663831692009472
1209622033572802560
1209631385385914369
1210345213522300928
1203048353971494912
1202284906073743360
1236526464612401152
1202357891321225216
1204613707721953280
1202655448052187136
1210581815532101632
1228907940524044292
1204568177272872960
1209513543181242368
1204668779675955200
1206040411111907328
1204265833880588288
1204437234612686848
1204442676965314560
1214161868799053824
1212791523856830465
1204368236650909701
1212529575089123330
1213098025008193538
1204230590284861441
1204275729933971457
1224549833383518208
1204469121380798464
1204513633667076098
1204367606515478534
1212090691838341120
1209116242717614081
1204474342320435201
1203896125394169856
1228873371212972032
1233518303517323266
1204341497757257728
1204326255719591936
1208899748897230848
1212950939147132935
1207788631999561729
1245206898875432960
1208029281126928385
1205898755482013696
1208350363369259013
1208413200338821122
1208429763116912643
1203786426007076865
1208896881163689991
1204251268337811461
1205533936891449346
1209106113989414912
1202777295871774721
1204293605801766912
1204459536205176832
1213530961549365248
1212980931436433409
1205606171597512705
1208212635197542400
1211025759151828998
1204259159417532416
1213579967457628166
1211540563226484736
1212873510873444357
1211749468179173376
1203875132701327361
1203525879646883840
1211039428799533056
1203298636249141248
1210839985110364166
1210391732195598336
1204426783279501312
1206746687550709760
1204528513161867264
1203478212963164163
1210370311390220290
1206779830009815041
1204341311819546624
1205941654781415431
1205905762389839882
1205342213053517825
1205298534205005824
1209302612614483968
1209495787874467840
1208807751171919873
1205537202379382785
1202722144981004288
1204700502140817413
1204090020300312576
1206428359648923648
1211712366750113793
1204596714079969280